GEO.id,GEO.id2,GEO.display-label,HC01_EST_VC02,HC01_MOE_VC02,HC02_EST_VC02,HC02_MOE_VC02,HC01_EST_VC03,HC01_MOE_VC03,HC02_EST_VC03,HC02_MOE_VC03,HC01_EST_VC04,HC01_MOE_VC04,HC02_EST_VC04,HC02_MOE_VC04,HC01_EST_VC05,HC01_MOE_VC05,HC02_EST_VC05,HC02_MOE_VC05,HC01_EST_VC06,HC01_MOE_VC06,HC02_EST_VC06,HC02_MOE_VC06,HC01_EST_VC07,HC01_MOE_VC07,HC02_EST_VC07,HC02_MOE_VC07,HC01_EST_VC08,HC01_MOE_VC08,HC02_EST_VC08,HC02_MOE_VC08,HC01_EST_VC11,HC01_MOE_VC11,HC02_EST_VC11,HC02_MOE_VC11,HC01_EST_VC12,HC01_MOE_VC12,HC02_EST_VC12,HC02_MOE_VC12,HC01_EST_VC13,HC01_MOE_VC13,HC02_EST_VC13,HC02_MOE_VC13,HC01_EST_VC14,HC01_MOE_VC14,HC02_EST_VC14,HC02_MOE_VC14,HC01_EST_VC15,HC01_MOE_VC15,HC02_EST_VC15,HC02_MOE_VC15,HC01_EST_VC16,HC01_MOE_VC16,HC02_EST_VC16,HC02_MOE_VC16,HC01_EST_VC17,HC01_MOE_VC17,HC02_EST_VC17,HC02_MOE_VC17,HC01_EST_VC20,HC01_MOE_VC20,HC02_EST_VC20,HC02_MOE_VC20,HC01_EST_VC22,HC01_MOE_VC22,HC02_EST_VC22,HC02_MOE_VC22,HC01_EST_VC23,HC01_MOE_VC23,HC02_EST_VC23,HC02_MOE_VC23,HC01_EST_VC24,HC01_MOE_VC24,HC02_EST_VC24,HC02_MOE_VC24,HC01_EST_VC25,HC01_MOE_VC25,HC02_EST_VC25,HC02_MOE_VC25,HC01_EST_VC26,HC01_MOE_VC26,HC02_EST_VC26,HC02_MOE_VC26,HC01_EST_VC27,HC01_MOE_VC27,HC02_EST_VC27,HC02_MOE_VC27,HC01_EST_VC28,HC01_MOE_VC28,HC02_EST_VC28,HC02_MOE_VC28,HC01_EST_VC30,HC01_MOE_VC30,HC02_EST_VC30,HC02_MOE_VC30,HC01_EST_VC31,HC01_MOE_VC31,HC02_EST_VC31,HC02_MOE_VC31,HC01_EST_VC34,HC01_MOE_VC34,HC02_EST_VC34,HC02_MOE_VC34,HC01_EST_VC35,HC01_MOE_VC35,HC02_EST_VC35,HC02_MOE_VC35,HC01_EST_VC36,HC01_MOE_VC36,HC02_EST_VC36,HC02_MOE_VC36
Id,Id2,Geography,Total; Estimate; All households,Total; Margin of Error; All households,Mean income (dollars); Estimate; All households,Mean income (dollars); Margin of Error; All households,Total; Estimate; All households - With earnings,Total; Margin of Error; All households - With earnings,Mean income (dollars); Estimate; All households - With earnings,Mean income (dollars); Margin of Error; All households - With earnings,"Total; Estimate; All households - With interest, dividends, or net rental income","Total; Margin of Error; All households - With interest, dividends, or net rental income","Mean income (dollars); Estimate; All households - With interest, dividends, or net rental income","Mean income (dollars); Margin of Error; All households - With interest, dividends, or net rental income",Total; Estimate; All households - With Social Security income,Total; Margin of Error; All households - With Social Security income,Mean income (dollars); Estimate; All households - With Social Security income,Mean income (dollars); Margin of Error; All households - With Social Security income,Total; Estimate; All households - With Supplemental Security Income (SSI),Total; Margin of Error; All households - With Supplemental Security Income (SSI),Mean income (dollars); Estimate; All households - With Supplemental Security Income (SSI),Mean income (dollars); Margin of Error; All households - With Supplemental Security Income (SSI),Total; Estimate; All households - With cash public assistance income,Total; Margin of Error; All households - With cash public assistance income,Mean income (dollars); Estimate; All households - With cash public assistance income,Mean income (dollars); Margin of Error; All households - With cash public assistance income,Total; Estimate; All households - With retirement income,Total; Margin of Error; All households - With retirement income,Mean income (dollars); Estimate; All households - With retirement income,Mean income (dollars); Margin of Error; All households - With retirement income,Total; Estimate; FAMILY INCOME BY NUMBER OF WORKERS IN FAMILY - All families,Total; Margin of Error; FAMILY INCOME BY NUMBER OF WORKERS IN FAMILY - All families,Mean income (dollars); Estimate; FAMILY INCOME BY NUMBER OF WORKERS IN FAMILY - All families,Mean income (dollars); Margin of Error; FAMILY INCOME BY NUMBER OF WORKERS IN FAMILY - All families,Total; Estimate; FAMILY INCOME BY NUMBER OF WORKERS IN FAMILY - All families - No workers,Total; Margin of Error; FAMILY INCOME BY NUMBER OF WORKERS IN FAMILY - All families - No workers,Mean income (dollars); Estimate; FAMILY INCOME BY NUMBER OF WORKERS IN FAMILY - All families - No workers,Mean income (dollars); Margin of Error; FAMILY INCOME BY NUMBER OF WORKERS IN FAMILY - All families - No workers,Total; Estimate; FAMILY INCOME BY NUMBER OF WORKERS IN FAMILY - All families - 1 worker,Total; Margin of Error; FAMILY INCOME BY NUMBER OF WORKERS IN FAMILY - All families - 1 worker,Mean income (dollars); Estimate; FAMILY INCOME BY NUMBER OF WORKERS IN FAMILY - All families - 1 worker,Mean income (dollars); Margin of Error; FAMILY INCOME BY NUMBER OF WORKERS IN FAMILY - All families - 1 worker,"Total; Estimate; FAMILY INCOME BY NUMBER OF WORKERS IN FAMILY - All families - 2 workers, husband and wife worked","Total; Margin of Error; FAMILY INCOME BY NUMBER OF WORKERS IN FAMILY - All families - 2 workers, husband and wife worked","Mean income (dollars); Estimate; FAMILY INCOME BY NUMBER OF WORKERS IN FAMILY - All families - 2 workers, husband and wife worked","Mean income (dollars); Margin of Error; FAMILY INCOME BY NUMBER OF WORKERS IN FAMILY - All families - 2 workers, husband and wife worked","Total; Estimate; FAMILY INCOME BY NUMBER OF WORKERS IN FAMILY - All families - 2 workers, other","Total; Margin of Error; FAMILY INCOME BY NUMBER OF WORKERS IN FAMILY - All families - 2 workers, other","Mean income (dollars); Estimate; FAMILY INCOME BY NUMBER OF WORKERS IN FAMILY - All families - 2 workers, other","Mean income (dollars); Margin of Error; FAMILY INCOME BY NUMBER OF WORKERS IN FAMILY - All families - 2 workers, other","Total; Estimate; FAMILY INCOME BY NUMBER OF WORKERS IN FAMILY - All families - 3 or more workers, husband and wife worked","Total; Margin of Error; FAMILY INCOME BY NUMBER OF WORKERS IN FAMILY - All families - 3 or more workers, husband and wife worked","Mean income (dollars); Estimate; FAMILY INCOME BY NUMBER OF WORKERS IN FAMILY - All families - 3 or more workers, husband and wife worked","Mean income (dollars); Margin of Error; FAMILY INCOME BY NUMBER OF WORKERS IN FAMILY - All families - 3 or more workers, husband and wife worked","Total; Estimate; FAMILY INCOME BY NUMBER OF WORKERS IN FAMILY - All families - 3 or more workers, other","Total; Margin of Error; FAMILY INCOME BY NUMBER OF WORKERS IN FAMILY - All families - 3 or more workers, other","Mean income (dollars); Estimate; FAMILY INCOME BY NUMBER OF WORKERS IN FAMILY - All families - 3 or more workers, other","Mean income (dollars); Margin of Error; FAMILY INCOME BY NUMBER OF WORKERS IN FAMILY - All families - 3 or more workers, other",Total; Estimate; PER CAPITA INCOME BY RACE AND HISPANIC OR LATINO ORIGIN - Total population,Total; Margin of Error; PER CAPITA INCOME BY RACE AND HISPANIC OR LATINO ORIGIN - Total population,Mean income (dollars); Estimate; PER CAPITA INCOME BY RACE AND HISPANIC OR LATINO ORIGIN - Total population,Mean income (dollars); Margin of Error; PER CAPITA INCOME BY RACE AND HISPANIC OR LATINO ORIGIN - Total population,Total; Estimate; PER CAPITA INCOME BY RACE AND HISPANIC OR LATINO ORIGIN - Total population - One race-- - White,Total; Margin of Error; PER CAPITA INCOME BY RACE AND HISPANIC OR LATINO ORIGIN - Total population - One race-- - White,Mean income (dollars); Estimate; PER CAPITA INCOME BY RACE AND HISPANIC OR LATINO ORIGIN - Total population - One race-- - White,Mean income (dollars); Margin of Error; PER CAPITA INCOME BY RACE AND HISPANIC OR LATINO ORIGIN - Total population - One race-- - White,Total; Estimate; PER CAPITA INCOME BY RACE AND HISPANIC OR LATINO ORIGIN - Total population - One race-- - Black or African American,Total; Margin of Error; PER CAPITA INCOME BY RACE AND HISPANIC OR LATINO ORIGIN - Total population - One race-- - Black or African American,Mean income (dollars); Estimate; PER CAPITA INCOME BY RACE AND HISPANIC OR LATINO ORIGIN - Total population - One race-- - Black or African American,Mean income (dollars); Margin of Error; PER CAPITA INCOME BY RACE AND HISPANIC OR LATINO ORIGIN - Total population - One race-- - Black or African American,Total; Estimate; PER CAPITA INCOME BY RACE AND HISPANIC OR LATINO ORIGIN - Total population - One race-- - American Indian and Alaska Native,Total; Margin of Error; PER CAPITA INCOME BY RACE AND HISPANIC OR LATINO ORIGIN - Total population - One race-- - American Indian and Alaska Native,Mean income (dollars); Estimate; PER CAPITA INCOME BY RACE AND HISPANIC OR LATINO ORIGIN - Total population - One race-- - American Indian and Alaska Native,Mean income (dollars); Margin of Error; PER CAPITA INCOME BY RACE AND HISPANIC OR LATINO ORIGIN - Total population - One race-- - American Indian and Alaska Native,Total; Estimate; PER CAPITA INCOME BY RACE AND HISPANIC OR LATINO ORIGIN - Total population - One race-- - Asian,Total; Margin of Error; PER CAPITA INCOME BY RACE AND HISPANIC OR LATINO ORIGIN - Total population - One race-- - Asian,Mean income (dollars); Estimate; PER CAPITA INCOME BY RACE AND HISPANIC OR LATINO ORIGIN - Total population - One race-- - Asian,Mean income (dollars); Margin of Error; PER CAPITA INCOME BY RACE AND HISPANIC OR LATINO ORIGIN - Total population - One race-- - Asian,Total; Estimate; PER CAPITA INCOME BY RACE AND HISPANIC OR LATINO ORIGIN - Total population - One race-- - Native Hawaiian and Other Pacific Islander,Total; Margin of Error; PER CAPITA INCOME BY RACE AND HISPANIC OR LATINO ORIGIN - Total population - One race-- - Native Hawaiian and Other Pacific Islander,Mean income (dollars); Estimate; PER CAPITA INCOME BY RACE AND HISPANIC OR LATINO ORIGIN - Total population - One race-- - Native Hawaiian and Other Pacific Islander,Mean income (dollars); Margin of Error; PER CAPITA INCOME BY RACE AND HISPANIC OR LATINO ORIGIN - Total population - One race-- - Native Hawaiian and Other Pacific Islander,Total; Estimate; PER CAPITA INCOME BY RACE AND HISPANIC OR LATINO ORIGIN - Total population - One race-- - Some other race,Total; Margin of Error; PER CAPITA INCOME BY RACE AND HISPANIC OR LATINO ORIGIN - Total population - One race-- - Some other race,Mean income (dollars); Estimate; PER CAPITA INCOME BY RACE AND HISPANIC OR LATINO ORIGIN - Total population - One race-- - Some other race,Mean income (dollars); Margin of Error; PER CAPITA INCOME BY RACE AND HISPANIC OR LATINO ORIGIN - Total population - One race-- - Some other race,Total; Estimate; PER CAPITA INCOME BY RACE AND HISPANIC OR LATINO ORIGIN - Total population - Two or more races,Total; Margin of Error; PER CAPITA INCOME BY RACE AND HISPANIC OR LATINO ORIGIN - Total population - Two or more races,Mean income (dollars); Estimate; PER CAPITA INCOME BY RACE AND HISPANIC OR LATINO ORIGIN - Total population - Two or more races,Mean income (dollars); Margin of Error; PER CAPITA INCOME BY RACE AND HISPANIC OR LATINO ORIGIN - Total population - Two or more races,Total; Estimate; Hispanic or Latino origin (of any race),Total; Margin of Error; Hispanic or Latino origin (of any race),Mean income (dollars); Estimate; Hispanic or Latino origin (of any race),Mean income (dollars); Margin of Error; Hispanic or Latino origin (of any race),"Total; Estimate; White alone, not Hispanic or Latino","Total; Margin of Error; White alone, not Hispanic or Latino","Mean income (dollars); Estimate; White alone, not Hispanic or Latino","Mean income (dollars); Margin of Error; White alone, not Hispanic or Latino",Total; Estimate; PERCENT IMPUTED - Household income in the past 12 months,Total; Margin of Error; PERCENT IMPUTED - Household income in the past 12 months,Mean income (dollars); Estimate; PERCENT IMPUTED - Household income in the past 12 months,Mean income (dollars); Margin of Error; PERCENT IMPUTED - Household income in the past 12 months,Total; Estimate; PERCENT IMPUTED - Family income in the past 12 months,Total; Margin of Error; PERCENT IMPUTED - Family income in the past 12 months,Mean income (dollars); Estimate; PERCENT IMPUTED - Family income in the past 12 months,Mean income (dollars); Margin of Error; PERCENT IMPUTED - Family income in the past 12 months,Total; Estimate; PERCENT IMPUTED - Individual income in the past 12 months,Total; Margin of Error; PERCENT IMPUTED - Individual income in the past 12 months,Mean income (dollars); Estimate; PERCENT IMPUTED - Individual income in the past 12 months,Mean income (dollars); Margin of Error; PERCENT IMPUTED - Individual income in the past 12 months
0500000US51001,51001,"Accomack County, Virginia",13961,570,54242,3691,68.6,2.5,57861,4461,17.0,2.1,11103,3141,37.3,2.1,17082,932,5.0,1.2,9346,1195,1.4,0.6,2218,1071,20.5,2.0,24228,2593,9138,471,66425,4970,21.9,2.6,37869,4640,33.3,4.0,52787,6937,28.5,3.5,101225,11466,9.1,2.2,56427,7141,5.0,1.3,92930,10025,2.3,1.3,87103,24123,33115,*****,23231,1427,68.0,1.1,26865,1791,28.7,0.4,15775,1581,0.4,0.2,20311,13251,0.1,0.1,49163,36536,0.0,0.1,-,**,1.3,1.1,7797,2508,1.4,0.5,12489,9000,8.8,*****,11332,1932,60.9,0.1,28584,2030,41.3,(X),(X),(X),45.6,(X),(X),(X),30.3,(X),(X),(X)
0500000US51003,51003,"Albemarle County, Virginia",38853,835,96973,3165,78.7,1.2,93259,3378,35.6,1.4,25102,3345,29.0,1.3,20583,775,2.8,0.5,9956,1334,1.0,0.3,2150,775,20.8,1.3,34762,6175,24854,652,120072,4203,14.2,1.1,80865,9842,30.4,2.1,105915,10226,40.5,2.0,140155,6453,6.3,1.0,94006,14399,7.3,0.8,166147,18710,1.3,0.4,121522,20296,103108,*****,37474,1262,81.5,0.5,40509,1338,9.4,0.4,24852,5503,0.3,0.1,10359,6633,4.4,0.2,31980,4899,0.0,0.1,N,N,1.3,0.5,18529,6392,3.1,0.4,13005,3227,5.7,*****,24994,4959,77.4,0.3,41224,1408,33.3,(X),(X),(X),32.0,(X),(X),(X),26.1,(X),(X),(X)
0500000US51005,51005,"Alleghany County, Virginia",6781,192,55400,2721,63.7,2.8,58767,3315,22.7,2.6,8093,2434,47.9,2.3,18658,828,8.7,1.9,8928,979,2.3,0.9,3224,1951,27.0,2.7,19792,3242,4379,182,66391,3252,25.3,3.0,35404,4733,30.0,3.9,54970,4071,29.6,3.3,91631,6413,5.9,1.5,61331,8756,7.4,2.0,114835,10118,1.8,1.0,93160,20920,16066,*****,24118,1077,92.8,0.4,24990,1157,5.3,0.5,12881,2663,0.0,0.1,N,N,0.2,0.2,24662,30330,0.0,0.1,N,N,0.4,0.4,24928,6303,1.3,0.5,6475,3806,1.4,*****,17680,7326,92.0,0.2,25023,1190,30.3,(X),(X),(X),29.5,(X),(X),(X),23.5,(X),(X),(X)
0500000US51007,51007,"Amelia County, Virginia",4704,223,66665,5778,73.5,3.4,64198,6584,23.4,4.5,16598,13081,38.0,3.2,19344,1317,6.0,2.6,6927,2206,1.6,1.2,6647,7553,28.7,4.0,21338,2958,3705,299,73522,6506,18.4,3.2,55457,20414,32.0,5.5,58322,8468,30.7,5.4,94493,12404,10.8,3.8,81723,17543,6.6,2.4,88130,12915,1.5,1.4,67207,32110,12777,*****,24868,1949,73.3,1.6,27135,2567,24.3,1.8,19091,3282,0.4,0.2,19864,9510,0.1,0.2,N,N,0.0,0.3,-,**,0.3,0.4,N,N,1.5,1.4,7055,9702,1.0,1.3,N,N,72.3,0.8,27434,2565,38.5,(X),(X),(X),38.0,(X),(X),(X),26.3,(X),(X),(X)
0500000US51009,51009,"Amherst County, Virginia",12502,288,58437,2994,73.3,1.8,57833,2646,17.9,2.0,8796,2339,38.8,1.6,18212,794,5.2,1.1,10468,2298,3.0,1.0,1930,585,24.3,1.7,22362,5843,8414,344,69964,3963,16.6,1.7,46788,9219,31.2,2.7,57795,7676,33.1,3.0,88901,5659,9.2,1.9,53298,6399,8.6,1.8,104450,9372,1.3,0.8,64287,21705,32148,*****,23469,1013,76.8,0.6,24906,1095,18.4,0.5,18685,1807,0.4,0.3,22374,6254,0.7,0.1,14586,5595,0.0,0.1,N,N,0.8,0.6,5748,3167,2.7,0.6,23245,22586,2.1,*****,11830,6051,75.6,0.1,25070,1094,32.3,(X),(X),(X),31.9,(X),(X),(X),24.7,(X),(X),(X)
0500000US51011,51011,"Appomattox County, Virginia",5931,220,59932,3962,71.9,2.9,61808,4024,20.3,3.1,7739,3474,37.9,2.6,18664,1757,5.4,1.6,9347,2350,2.3,1.0,3384,1273,24.7,2.5,20118,2473,4530,195,65918,4156,19.8,3.1,N,N,35.8,4.0,N,N,31.1,3.9,N,N,7.9,2.2,N,N,5.3,2.2,N,N,0.1,0.1,N,N,15208,*****,23941,1222,77.5,0.3,26020,1461,20.3,0.7,17816,2874,0.2,0.2,6203,7370,0.1,0.1,44171,25895,0.0,0.2,-,**,0.2,0.3,-,**,1.6,0.7,5970,3093,1.2,*****,8581,7011,76.7,0.2,26152,1484,27.5,(X),(X),(X),27.7,(X),(X),(X),22.9,(X),(X),(X)
0500000US51013,51013,"Arlington County, Virginia",98441,1023,138377,2758,88.9,0.6,138338,2860,36.0,1.0,15303,1785,13.3,0.5,17825,556,1.8,0.3,9624,1213,1.0,0.2,3945,1167,13.0,0.6,47791,2347,45768,927,174037,4826,7.4,0.8,85408,13899,27.7,1.3,135606,10445,49.1,1.4,215973,6820,8.0,1.0,111470,11329,5.7,0.5,200346,12016,2.1,0.4,176701,29200,223945,*****,63579,1348,72.1,0.7,73094,1516,8.5,0.2,36481,2569,0.5,0.2,22571,12023,9.9,0.2,52390,6111,0.1,0.1,51806,21049,5.9,0.7,18808,2114,3.0,0.3,44565,7306,15.5,*****,31212,1962,63.0,0.2,78008,1638,21.5,(X),(X),(X),22.3,(X),(X),(X),19.1,(X),(X),(X)
0500000US51015,51015,"Augusta County, Virginia",28150,481,69443,3462,76.6,1.7,65980,3287,23.5,1.6,20090,7604,38.7,1.4,18612,724,3.4,0.7,8865,1116,1.9,0.5,2593,982,25.3,1.5,20745,4256,20731,658,77408,4010,15.8,1.5,44172,3646,30.9,2.3,60317,4968,34.7,1.9,98311,8635,7.9,1.1,72708,21472,9.5,1.5,111488,8937,1.1,0.4,116109,56402,74053,*****,27000,1333,93.1,0.2,28045,1399,4.0,0.2,13167,2343,0.3,0.1,19210,6355,0.6,0.1,13949,7165,0.1,0.1,24509,31144,0.8,0.3,10234,4188,1.1,0.3,10599,5414,2.4,*****,9903,3118,91.8,0.1,28308,1417,33.7,(X),(X),(X),33.9,(X),(X),(X),27.2,(X),(X),(X)
0500000US51017,51017,"Bath County, Virginia",2146,171,68991,19388,73.2,6.5,57451,11652,21.3,6.4,73318,74611,34.5,6.6,14809,3449,5.4,3.4,9951,1064,1.4,2.0,N,N,22.5,7.0,19182,7979,1179,171,95506,31259,21.9,8.7,N,N,17.2,8.8,N,N,48.3,13.0,N,N,7.4,8.8,N,N,2.0,2.7,N,N,3.1,4.4,N,N,4583,*****,32166,8510,94.0,3.7,28971,6022,3.4,2.0,137258,163389,0.0,0.7,-,**,0.0,0.7,-,**,0.0,0.7,-,**,0.1,0.2,15050,17789,2.4,2.1,8320,9241,3.5,2.8,10385,8159,91.2,4.0,29659,6238,40.8,(X),(X),(X),42.2,(X),(X),(X),33.7,(X),(X),(X)
0500000US51019,51019,"Bedford County, Virginia",30591,493,70366,2062,75.9,1.4,69832,2647,23.4,1.5,13377,3073,36.9,1.3,19199,724,3.2,0.6,9571,1012,2.6,0.7,4226,1984,23.7,1.4,21841,2205,21605,520,83008,2666,15.9,1.4,49246,3930,32.1,2.2,72635,6228,35.4,2.4,99997,4707,6.3,1.1,65015,4778,8.1,1.3,127147,9894,2.1,0.8,95912,27949,76463,*****,28524,770,90.0,0.2,29621,852,7.1,0.2,18093,1847,0.1,0.1,42083,17262,1.3,0.1,19763,7234,0.0,0.1,73086,5736,0.2,0.1,7408,9511,1.3,0.3,18755,5278,1.9,*****,18359,4852,88.4,0.1,29861,872,31.4,(X),(X),(X),30.0,(X),(X),(X),23.5,(X),(X),(X)
0500000US51021,51021,"Bland County, Virginia",2614,235,51995,3854,66.4,4.0,54483,4675,19.9,4.8,6561,5133,44.5,4.3,18350,1709,5.6,2.1,10535,2832,1.6,1.1,1885,754,29.5,4.8,14325,2179,1766,177,64744,4075,22.2,4.4,38128,5189,30.1,6.5,58005,7581,27.0,5.4,79027,8011,9.1,4.2,71289,17889,9.5,3.4,91018,10952,2.2,1.9,110982,21302,6662,*****,20169,2728,94.2,4.2,21095,2266,5.0,4.2,3036,2044,0.0,0.5,-,**,0.0,0.5,-,**,0.1,0.2,N,N,0.0,0.5,-,**,0.6,0.5,4288,4004,1.3,1.1,23919,14460,93.1,4.1,21009,2288,31.2,(X),(X),(X),33.5,(X),(X),(X),26.7,(X),(X),(X)
0500000US51023,51023,"Botetourt County, Virginia",12913,263,78579,6840,76.5,1.9,77883,6001,26.1,2.1,21330,10922,38.0,1.9,20716,1021,3.5,0.9,10681,1813,1.1,0.5,3226,2090,20.9,2.1,19267,2009,9676,347,88305,8558,15.7,2.1,46546,5658,27.5,2.8,67500,5185,39.1,3.1,104001,5351,8.1,1.8,148678,96399,8.1,1.9,100987,12731,1.5,0.7,103719,28132,33155,*****,31160,2642,94.0,0.4,32003,2791,3.5,0.5,22968,6600,0.3,0.2,18084,3751,0.2,0.1,32012,31730,0.0,0.1,-,**,0.6,0.4,7798,6189,1.5,0.5,8538,4452,1.4,*****,16889,10887,93.2,0.1,32084,2797,30.2,(X),(X),(X),28.5,(X),(X),(X),24.9,(X),(X),(X)
0500000US51025,51025,"Brunswick County, Virginia",5916,291,49693,3788,71.1,3.0,51296,4479,14.0,2.2,7994,2535,43.5,3.0,14103,952,9.7,2.6,8346,1307,2.6,1.2,1805,528,21.7,3.1,20340,3290,3977,286,60190,5483,18.5,3.5,31331,5990,32.6,4.3,44522,8767,31.2,4.4,73443,7674,10.3,3.0,89053,31485,6.0,2.0,112665,33090,1.5,1.2,74510,16736,16930,*****,18245,1336,41.9,0.5,24684,2544,55.8,0.7,13656,1354,0.3,0.4,N,N,0.4,0.4,1645,2315,0.0,0.2,-,**,0.6,0.5,8778,6183,1.1,0.4,13125,8966,1.9,*****,5575,2231,40.7,0.2,25255,2598,32.6,(X),(X),(X),34.1,(X),(X),(X),26.5,(X),(X),(X)
0500000US51027,51027,"Buchanan County, Virginia",9442,262,42482,2523,55.0,2.4,51286,3917,12.1,1.6,5188,1730,52.5,2.6,16974,766,11.7,2.1,9001,824,5.5,1.4,2564,711,21.6,2.4,12220,1933,6584,293,48996,3401,36.4,3.8,24424,2493,35.4,4.0,48639,4249,15.8,2.4,81808,8228,6.5,1.9,56002,11243,4.4,1.6,118273,16400,1.4,0.8,74086,17685,23486,*****,17883,986,95.6,0.3,18248,970,2.7,0.5,5311,2810,0.1,0.1,N,N,0.5,0.1,21875,13669,0.0,0.1,-,**,0.3,0.3,N,N,0.9,0.5,19871,16825,0.3,0.2,N,N,95.4,0.3,18267,969,39.0,(X),(X),(X),40.8,(X),(X),(X),30.5,(X),(X),(X)
0500000US51029,51029,"Buckingham County, Virginia",5603,251,51410,3453,72.3,3.2,49545,3266,14.3,2.4,18813,18312,40.1,2.9,16857,1099,4.7,1.4,8384,1830,1.8,0.9,4257,4352,24.8,2.8,17205,2353,3864,226,59759,4767,21.0,3.5,43102,18895,30.4,4.0,48665,5619,28.5,4.2,78193,6383,10.5,2.9,54169,7049,7.4,2.6,88411,10665,2.2,1.4,63220,8432,17068,*****,18204,1180,61.5,0.7,21605,1779,34.5,0.9,13304,1501,0.1,0.1,N,N,0.5,0.3,20592,15500,0.1,0.1,-,**,1.5,0.7,5871,3422,1.8,0.9,6977,4179,2.2,*****,4993,3015,61.0,0.2,21800,1771,34.9,(X),(X),(X),36.4,(X),(X),(X),27.6,(X),(X),(X)
0500000US51031,51031,"Campbell County, Virginia",21791,460,59455,2880,76.1,1.8,57639,2489,16.5,1.5,17034,8280,34.9,1.7,19128,898,4.4,0.9,8899,960,1.9,0.6,2498,1455,23.7,1.7,18921,1635,15371,531,69445,3767,17.9,1.7,45869,6565,31.8,2.6,50318,4120,33.5,2.8,93071,7312,8.0,1.7,69694,7526,6.9,1.3,99924,10406,1.8,0.7,84229,33663,55012,*****,24192,1042,81.8,0.4,25884,1192,14.0,0.6,18515,1855,0.2,0.1,11074,7591,0.8,0.2,11247,4425,0.1,0.1,N,N,0.7,0.3,17502,8069,2.5,0.6,6991,2165,1.9,*****,17842,4973,80.6,0.3,25971,1222,27.2,(X),(X),(X),27.3,(X),(X),(X),21.4,(X),(X),(X)
0500000US51033,51033,"Caroline County, Virginia",10970,431,71857,3962,80.2,2.4,72549,4475,16.1,1.9,6690,3338,31.7,2.5,17787,1058,5.9,1.5,8025,1452,2.7,1.0,2155,663,21.7,2.2,23436,2629,8179,408,78591,4725,13.8,2.3,39588,5134,34.6,3.5,56954,7559,26.0,3.1,105796,6937,10.4,2.4,76556,11721,11.7,2.9,124153,13708,3.4,1.6,97700,28637,29349,*****,26761,1499,66.1,0.7,28878,1958,29.3,0.8,22441,2101,0.6,0.1,56935,32985,0.8,0.3,11791,4797,0.0,0.1,-,**,1.2,0.5,15225,7085,2.1,0.6,23891,7573,4.0,*****,23364,8524,63.8,0.1,28958,1950,35.4,(X),(X),(X),34.5,(X),(X),(X),24.7,(X),(X),(X)
0500000US51035,51035,"Carroll County, Virginia",12548,434,47912,3385,68.9,2.5,46856,2957,14.8,1.7,18690,14964,42.3,2.0,16673,838,5.1,1.3,7728,1331,2.3,0.9,3136,1883,23.3,2.3,18907,2500,8540,398,56917,4642,20.6,2.5,39938,13180,34.5,3.7,47826,7983,33.7,3.8,70737,5601,4.2,1.3,51667,15991,5.7,1.8,92503,13086,1.4,0.9,68740,14148,29856,*****,21145,1316,97.8,0.5,21357,1361,0.9,0.4,9367,5292,0.0,0.1,N,N,0.2,0.2,50414,33579,0.0,0.1,-,**,0.1,0.1,47588,28315,1.0,0.5,4601,3224,2.9,*****,11689,2094,95.3,0.1,21594,1386,35.3,(X),(X),(X),35.2,(X),(X),(X),28.3,(X),(X),(X)
0500000US51036,51036,"Charles City County, Virginia",2883,82,68499,7224,72.8,2.4,61280,4164,20.1,3.0,20439,14732,41.1,1.9,18186,975,5.2,1.3,8802,1550,3.3,1.4,2497,909,30.2,2.5,34336,10920,1863,97,81583,11112,20.5,2.4,82530,46983,33.0,3.3,58872,8168,24.4,2.9,105176,21596,11.5,2.9,68633,5656,8.4,2.2,120500,9523,2.2,1.0,70180,14242,7118,*****,29018,2822,42.0,0.3,34454,3829,48.2,0.7,24940,5164,6.6,0.4,26554,1878,0.3,0.2,28253,16628,0.1,0.2,N,N,0.2,0.2,18100,14086,2.6,0.8,24773,11497,1.7,*****,21905,9494,40.9,0.1,34654,3990,36.0,(X),(X),(X),36.7,(X),(X),(X),28.3,(X),(X),(X)
0500000US51037,51037,"Charlotte County, Virginia",4723,242,43836,3362,65.9,3.8,45619,4618,18.4,3.3,5874,1329,44.8,3.3,15701,995,8.9,2.4,9717,2045,2.2,1.0,1163,560,19.9,3.3,18494,3527,3103,203,53831,4516,21.0,3.9,N,N,38.4,4.8,N,N,27.5,4.7,N,N,7.2,2.6,N,N,5.4,2.3,N,N,0.5,0.6,N,N,12313,*****,18719,1331,67.0,0.2,21438,1861,31.5,0.9,13120,1591,0.1,0.1,12287,13966,0.1,0.1,23211,31927,0.0,0.3,-,**,0.3,0.3,N,N,1.0,0.7,14382,15249,0.7,0.5,7316,7317,66.8,0.3,21471,1861,33.3,(X),(X),(X),34.0,(X),(X),(X),25.0,(X),(X),(X)
0500000US51041,51041,"Chesterfield County, Virginia",116797,806,90380,1506,83.4,0.5,88535,1563,23.8,0.7,13161,1558,26.8,0.6,19759,356,3.5,0.4,10172,827,1.4,0.2,3488,745,22.5,0.6,26882,1520,83901,1016,102977,1685,10.5,0.6,62614,3764,30.4,1.0,80150,2925,37.6,1.0,126291,3064,9.2,0.6,86827,5197,10.0,0.7,140308,4432,2.3,0.3,108025,8056,328176,*****,33220,528,68.7,0.3,36674,717,22.7,0.3,26034,804,0.3,0.1,27946,9909,3.4,0.1,31810,2869,0.0,0.1,33901,19474,2.0,0.3,17085,2495,2.8,0.3,20584,3351,7.7,*****,17757,1292,63.7,0.1,38182,749,29.5,(X),(X),(X),28.9,(X),(X),(X),22.8,(X),(X),(X)
0500000US51043,51043,"Clarke County, Virginia",5526,160,93049,6014,77.0,3.2,92818,6106,30.8,3.8,21525,7624,36.0,2.9,17673,1582,1.7,1.0,6935,3035,0.8,0.7,2252,2083,23.3,3.2,30279,5290,3676,271,111390,7600,14.4,3.3,66875,13306,28.6,5.0,101217,17122,35.9,4.9,140050,10125,11.6,3.9,87985,26317,8.1,2.8,131875,19989,1.4,1.1,118259,23977,14299,*****,37558,2478,88.7,1.3,40508,2902,5.5,0.8,16336,5093,0.4,0.2,22308,29564,1.0,0.3,18108,10765,0.0,0.2,-,**,2.4,1.4,11710,7792,2.0,1.0,8440,5747,4.1,*****,10942,4438,87.4,0.2,40985,2789,24.7,(X),(X),(X),25.8,(X),(X),(X),21.8,(X),(X),(X)
0500000US51045,51045,"Craig County, Virginia",2214,185,53328,5100,61.7,6.7,60327,7873,12.4,5.2,6585,3765,40.4,7.0,16929,1746,6.1,3.6,13634,5239,2.2,2.4,546,502,30.0,6.5,18453,4803,1348,153,69382,8571,24.5,8.2,33244,9139,23.7,7.9,65587,17641,30.0,9.6,87639,11704,14.6,7.9,92468,22967,7.2,5.3,81694,18977,0.0,2.4,-,**,5212,*****,22456,2846,96.0,3.1,23081,2913,0.2,0.2,-,**,0.0,0.6,-,**,0.4,0.6,-,**,0.0,0.6,-,**,0.0,0.1,-,**,3.5,2.5,8841,6136,0.0,0.1,-,**,96.0,3.1,23081,2913,31.9,(X),(X),(X),27.9,(X),(X),(X),20.5,(X),(X),(X)
0500000US51047,51047,"Culpeper County, Virginia",16515,357,80669,4512,81.7,1.7,77446,4095,17.7,1.9,18922,10578,31.0,1.5,17974,740,3.9,0.9,8998,1330,4.7,1.3,2347,742,20.5,1.8,31168,2923,12430,421,90281,6090,12.6,1.4,57750,6367,33.1,2.9,73413,14689,32.0,2.9,109093,6653,8.6,1.9,73599,8758,11.0,1.7,134927,12095,2.8,1.1,96804,16554,48424,*****,28104,1525,77.3,1.0,31048,1967,14.4,0.9,20251,2575,0.4,0.2,24648,20075,1.4,0.3,18904,7038,0.1,0.1,N,N,2.0,0.8,15912,6381,4.4,1.0,11396,2973,9.0,*****,16584,2621,71.5,0.2,32180,2116,30.2,(X),(X),(X),29.3,(X),(X),(X),23.0,(X),(X),(X)
0500000US51049,51049,"Cumberland County, Virginia",4012,191,54299,5065,72.9,4.6,53543,5469,14.3,4.0,18368,13520,38.8,3.8,16536,1369,4.0,2.7,5909,1414,4.1,1.9,2290,1109,24.3,4.7,18827,5262,2726,253,63629,7194,20.7,5.7,38194,16004,32.4,6.1,52653,8926,19.7,4.8,91756,19110,14.2,4.5,56045,7860,9.2,4.3,97209,20826,3.7,1.9,98133,27614,9859,*****,22860,2144,63.0,0.3,26662,3335,33.1,1.9,17954,2545,0.5,0.9,N,N,0.0,0.3,-,**,0.0,0.3,-,**,0.0,0.3,-,**,3.3,1.8,3029,5230,0.1,0.2,N,N,63.0,0.3,26662,3335,29.5,(X),(X),(X),32.6,(X),(X),(X),23.0,(X),(X),(X)
0500000US51051,51051,"Dickenson County, Virginia",6205,199,49163,4300,56.6,3.1,51312,3804,16.6,2.6,21987,15058,52.1,2.9,17944,854,9.5,2.1,7985,939,6.5,2.1,2658,884,25.4,2.3,18283,4721,4382,261,60641,5814,32.1,3.5,47841,15582,35.2,3.8,52428,4872,21.1,2.9,85713,8332,6.1,2.1,59652,19118,4.6,2.0,96648,10417,1.0,0.8,73013,19173,15463,*****,20275,1740,98.4,0.3,20433,1768,0.9,0.2,9035,5259,0.0,0.2,-,**,0.1,0.1,N,N,0.0,0.2,-,**,0.1,0.1,N,N,0.5,0.3,6961,9627,0.8,*****,13386,5755,98.0,0.2,20450,1773,32.1,(X),(X),(X),32.4,(X),(X),(X),25.4,(X),(X),(X)
0500000US51053,51053,"Dinwiddie County, Virginia",9939,264,60572,3970,73.8,2.3,62969,4210,15.1,2.2,11151,4246,35.7,2.2,16953,1186,5.6,1.5,8906,1416,1.9,0.9,1044,439,24.4,2.6,18852,2103,7079,367,66279,3242,21.0,2.8,39365,5980,33.1,4.3,50720,4835,26.9,3.5,95905,10175,8.6,2.2,62396,9493,9.0,2.3,98511,10118,1.5,0.9,85953,21676,28110,*****,23395,1438,64.5,0.7,25587,2032,33.0,0.5,19899,1724,0.1,0.2,4642,9456,0.4,0.2,19812,16811,0.0,0.1,-,**,0.8,0.7,19507,5549,1.2,0.6,7759,4351,2.8,*****,15751,3491,62.6,0.2,25929,2112,30.2,(X),(X),(X),32.0,(X),(X),(X),25.0,(X),(X),(X)
0500000US51057,51057,"Essex County, Virginia",4332,201,57752,6902,70.4,4.2,56478,6712,15.6,2.7,24235,12677,41.6,3.1,17691,1215,4.4,1.7,10044,2258,0.8,0.6,1509,997,18.9,2.9,29775,5460,2716,218,72409,10123,21.1,4.0,55048,13029,30.2,5.7,70530,29933,31.6,6.0,86127,8455,10.5,3.4,47846,8260,3.5,1.8,132861,43605,3.2,2.2,84231,16396,11151,*****,23448,2609,55.7,0.5,27605,4301,41.0,1.2,18854,2095,0.8,0.1,16475,8648,0.0,0.3,-,**,0.0,0.3,-,**,0.2,0.2,N,N,2.2,1.2,7405,5621,0.5,0.5,10929,12974,55.3,0.1,27739,4316,42.6,(X),(X),(X),41.8,(X),(X),(X),33.6,(X),(X),(X)
0500000US51059,51059,"Fairfax County, Virginia",392355,1164,142982,1065,88.5,0.2,136675,1075,36.6,0.5,19348,987,19.3,0.2,18888,281,2.0,0.1,8804,469,0.9,0.1,3821,553,19.9,0.3,47757,948,280010,2054,160411,1439,7.2,0.2,90344,4062,29.0,0.5,134619,2914,40.3,0.6,192670,2249,8.8,0.4,128481,4677,11.4,0.4,187394,5055,3.4,0.3,137702,6679,1128722,*****,51025,382,62.9,0.3,60018,570,9.4,0.1,37550,969,0.2,0.1,34826,5085,18.4,0.2,41193,801,0.1,0.1,49547,11108,4.5,0.3,20659,1015,4.6,0.2,25110,1283,16.1,*****,25550,651,52.6,0.1,66277,628,24.1,(X),(X),(X),24.2,(X),(X),(X),18.8,(X),(X),(X)
0500000US51061,51061,"Fauquier County, Virginia",23595,381,114400,4249,84.5,1.2,105794,3738,29.3,1.6,28802,6896,28.2,1.3,19579,662,2.5,0.6,10514,1527,1.2,0.5,2075,525,22.2,1.6,42058,6285,17346,447,127174,5571,10.2,1.3,86100,18596,28.3,2.1,105921,13718,39.8,2.4,139108,7781,7.6,1.2,119418,19588,11.9,1.3,175001,14383,2.1,0.7,143844,26463,67463,*****,41255,1495,87.3,0.5,43447,1633,7.4,0.4,29179,4865,0.1,0.1,25962,16832,1.3,0.2,27466,7444,0.0,0.1,N,N,0.8,0.4,21307,13752,3.2,0.5,19698,5267,7.0,*****,22099,3445,81.1,0.2,45073,1692,31.6,(X),(X),(X),31.7,(X),(X),(X),23.5,(X),(X),(X)
0500000US51063,51063,"Floyd County, Virginia",6271,276,57653,3646,73.5,3.3,58926,3979,18.5,3.1,16537,7501,38.9,3.2,16900,1446,4.5,1.5,6412,1752,3.0,2.0,1970,910,17.4,3.3,21024,2952,4278,262,67454,4584,18.3,3.6,N,N,25.2,4.4,N,N,41.3,5.6,N,N,5.2,2.3,N,N,9.9,4.0,N,N,0.0,0.1,N,N,15523,*****,23885,1493,96.0,0.5,24421,1511,2.5,0.8,11884,7353,0.2,0.3,N,N,0.0,0.2,-,**,0.0,0.2,-,**,0.1,0.2,-,**,1.2,0.9,12369,4095,2.6,*****,12755,3666,94.0,0.2,24655,1532,39.1,(X),(X),(X),35.3,(X),(X),(X),30.9,(X),(X),(X)
0500000US51065,51065,"Fluvanna County, Virginia",9891,243,74578,3508,75.7,2.4,75185,4514,24.1,2.7,10941,3601,34.6,2.2,20602,1204,4.0,1.7,9044,1581,2.7,1.3,2529,795,26.2,2.2,24220,3629,7254,338,84616,4075,18.7,2.4,52146,7046,26.2,3.9,77297,10451,41.1,3.5,97219,5298,4.5,1.9,88674,20664,7.1,2.1,127565,15598,2.4,1.5,68736,41019,26014,*****,28669,1246,80.4,1.3,30806,1344,14.4,0.9,22990,4834,0.0,0.1,N,N,0.7,0.1,20787,8825,0.0,0.1,-,**,1.7,1.3,8776,2957,2.7,0.9,10591,6025,3.2,*****,13859,3129,78.7,0.3,31088,1334,23.1,(X),(X),(X),24.8,(X),(X),(X),19.8,(X),(X),(X)
0500000US51067,51067,"Franklin County, Virginia",23189,459,60710,2252,71.5,1.8,60419,2713,23.4,1.8,11847,2798,40.6,1.7,19254,612,5.3,1.1,9192,818,1.5,0.5,2391,1183,24.2,1.7,21162,1855,16588,598,70203,3037,21.5,1.9,47759,5107,33.1,2.9,63953,7027,28.9,2.6,88055,5465,7.0,1.6,64459,11425,7.7,1.4,99491,8770,1.7,0.8,63196,10766,56315,*****,25219,917,89.1,0.6,26178,1021,8.5,0.3,18383,2135,0.1,0.1,19674,19487,0.3,0.2,27387,8784,0.0,0.1,-,**,0.9,0.6,9222,6946,1.2,0.4,13857,7378,2.7,*****,11133,3493,87.0,0.3,26597,1033,29.9,(X),(X),(X),30.6,(X),(X),(X),22.9,(X),(X),(X)
0500000US51069,51069,"Frederick County, Virginia",29455,397,82711,2839,82.1,1.1,82007,3130,22.4,1.5,12045,3646,30.9,1.2,18257,554,2.9,0.7,11228,1984,1.6,0.5,2191,617,20.4,1.3,27913,3306,21743,630,91973,3398,12.8,1.2,48240,5438,29.1,2.2,70602,5670,38.2,2.1,116546,6555,7.7,1.2,76375,7940,10.0,1.2,127167,10430,2.1,0.6,97004,12539,81340,*****,30769,944,91.2,0.5,31404,970,4.4,0.3,27276,4508,0.2,0.1,20316,9889,1.4,0.1,27940,10675,0.1,0.1,53859,10214,0.9,0.5,22104,9016,1.9,0.4,14289,4727,7.2,*****,17098,2088,85.2,0.1,32464,1020,24.8,(X),(X),(X),24.8,(X),(X),(X),18.9,(X),(X),(X)
0500000US51071,51071,"Giles County, Virginia",7230,213,58639,4248,71.7,2.4,58672,5554,18.1,2.4,13276,6527,40.7,2.1,17917,759,6.4,1.7,8391,791,1.1,0.6,2790,1098,28.0,2.7,18114,1723,4853,209,70661,6014,19.5,2.5,46133,6350,34.1,4.5,54927,8444,29.2,3.8,99424,12002,8.8,2.9,58416,8105,5.5,1.8,86238,12158,2.9,2.4,137606,69108,16907,*****,25241,1752,96.1,0.7,25823,1835,1.6,0.9,12165,3590,0.6,0.6,N,N,0.7,0.5,13793,7053,0.1,0.1,N,N,0.4,0.4,N,N,0.6,0.5,4215,3165,1.2,0.8,6930,4397,95.4,0.1,25968,1829,30.6,(X),(X),(X),31.9,(X),(X),(X),22.9,(X),(X),(X)
0500000US51073,51073,"Gloucester County, Virginia",14280,352,75438,3397,77.7,2.0,69672,3213,21.0,2.4,17112,5794,34.7,1.9,17871,819,4.9,1.2,10850,1432,1.5,0.8,3773,3439,31.5,2.5,28800,3703,10210,346,87140,4776,14.1,2.0,67669,13615,31.4,3.1,66110,6215,31.4,3.5,108579,6572,10.1,2.7,72893,9382,10.2,2.0,124541,10715,2.7,0.9,96338,15101,37001,*****,29867,1354,87.7,0.3,30617,1410,8.3,0.5,26322,4235,0.2,0.1,39048,35046,0.5,0.4,13982,5972,0.0,0.1,-,**,0.2,0.2,57213,22747,3.1,0.6,18242,6320,3.0,*****,30918,5675,85.3,0.1,30596,1437,36.1,(X),(X),(X),36.6,(X),(X),(X),30.3,(X),(X),(X)
0500000US51075,51075,"Goochland County, Virginia",8148,215,124160,10331,82.3,2.4,113326,10860,36.5,3.0,39358,13298,35.0,2.5,21868,1355,3.9,1.6,9855,1934,1.3,0.8,1628,603,24.1,2.8,29417,3994,6316,260,141725,12835,13.3,2.3,85100,22485,31.5,3.5,126171,25410,38.6,3.7,170044,24202,5.8,2.0,187247,93783,7.4,1.8,136380,29341,3.4,1.7,120346,48654,21721,*****,46366,3545,78.8,0.5,53492,4518,17.8,0.5,19378,2777,0.2,0.2,54429,62364,1.3,0.5,42724,23610,0.0,0.1,-,**,0.2,0.3,9050,8291,1.7,0.5,4868,2630,2.3,*****,23137,7130,77.3,0.1,54011,4607,27.2,(X),(X),(X),27.9,(X),(X),(X),21.8,(X),(X),(X)
0500000US51077,51077,"Grayson County, Virginia",6795,318,43943,3731,63.5,2.5,48181,5484,15.3,2.2,10806,6106,46.5,2.1,15383,615,5.7,1.6,8486,1007,2.9,0.9,2224,707,17.9,2.5,16454,2359,4392,275,53054,5666,23.8,3.4,26844,3433,35.3,3.8,48089,12884,29.2,3.6,76390,11133,6.6,2.0,54024,10142,4.0,1.3,75299,12729,1.0,0.7,74796,20354,15573,*****,19742,1555,95.0,0.2,19988,1514,2.7,1.0,10864,6494,0.2,0.3,N,N,0.1,0.2,N,N,0.0,0.2,-,**,0.2,0.2,N,N,1.7,0.9,22035,23745,2.9,*****,13300,5158,92.4,0.2,20174,1538,32.2,(X),(X),(X),30.8,(X),(X),(X),25.8,(X),(X),(X)
0500000US51079,51079,"Greene County, Virginia",7111,228,75022,5878,82.3,2.1,68163,4246,25.2,3.2,18466,10730,29.7,2.7,20165,1319,5.0,1.8,7758,2085,2.5,1.7,2287,920,24.1,3.2,27219,5936,5050,297,83209,7526,16.2,2.4,83588,35308,29.2,4.8,64414,10237,35.6,4.6,97395,7697,10.1,3.0,67145,13725,7.8,2.5,103293,19606,1.0,0.8,124302,38502,18938,*****,28209,1938,88.4,0.4,28903,2267,6.6,1.0,20817,4914,0.0,0.2,-,**,1.2,0.3,50586,19212,0.2,0.3,N,N,1.0,0.4,34643,19162,2.5,0.9,11473,7139,4.9,*****,15391,3855,84.8,0.2,29778,2322,26.8,(X),(X),(X),27.3,(X),(X),(X),20.5,(X),(X),(X)
0500000US51081,51081,"Greensville County, Virginia",3486,633,50870,8198,71.3,5.1,53698,11242,10.4,3.1,3991,2436,41.7,7.1,16111,1464,9.3,3.0,8917,1329,3.0,2.3,885,480,22.1,4.7,14874,2616,2496,512,51922,4505,20.0,5.8,26308,6655,32.1,5.7,39110,5336,32.5,6.1,72404,10971,7.6,3.4,49354,14594,4.6,2.5,102127,26727,3.2,2.0,67187,21337,11760,*****,14450,4207,39.5,1.9,16679,3829,58.0,2.1,13257,6054,0.4,0.3,5666,4362,0.2,0.3,N,N,0.0,0.3,-,**,0.7,0.4,2000,1907,1.2,0.5,8992,7148,3.8,2.1,2096,2640,37.5,0.3,17395,3980,34.0,(X),(X),(X),29.9,(X),(X),(X),27.5,(X),(X),(X)
0500000US51083,51083,"Halifax County, Virginia",14300,398,46919,2128,65.8,1.9,50062,2508,18.1,1.8,8882,2250,43.9,1.8,16353,607,7.2,1.4,7471,761,2.1,0.7,2944,1123,18.9,1.8,17667,2005,9329,405,57679,2626,19.7,2.4,29915,2991,36.9,3.2,44411,4102,27.9,2.5,85866,5542,7.2,1.5,60239,8200,6.5,1.5,84845,7889,1.7,0.9,87477,14203,35506,*****,19782,799,60.5,0.4,22262,963,36.9,0.5,16114,1309,0.1,0.1,32579,26008,0.6,0.1,20271,11532,0.0,0.1,N,N,1.1,0.5,11994,4735,0.8,0.5,7857,5747,1.9,*****,12910,3275,59.9,0.1,22329,962,32.4,(X),(X),(X),33.8,(X),(X),(X),24.1,(X),(X),(X)
0500000US51085,51085,"Hanover County, Virginia",37463,343,92913,1808,82.1,0.9,92507,1666,29.5,1.4,13031,2018,30.3,0.8,20270,561,2.9,0.6,9301,1180,1.1,0.4,2307,666,21.0,1.3,25017,1598,28194,509,103660,2204,11.3,1.0,52763,4029,26.6,1.5,81865,4015,41.8,1.5,126388,3654,8.3,1.1,82308,7207,10.6,1.0,134924,6710,1.5,0.4,137205,20802,101340,*****,34701,686,86.4,0.4,36234,837,9.3,0.3,27031,2260,0.2,0.1,23586,9904,1.5,0.1,27651,3666,0.0,0.1,-,**,0.7,0.4,16758,5913,1.9,0.3,15896,4877,2.5,*****,24683,4265,84.7,0.1,36411,815,34.2,(X),(X),(X),32.7,(X),(X),(X),26.5,(X),(X),(X)
0500000US51087,51087,"Henrico County, Virginia",124589,874,83275,1211,81.9,0.5,83294,1428,23.5,0.7,17156,1495,27.3,0.6,18306,338,3.9,0.4,9280,528,1.7,0.2,2505,450,18.3,0.5,24029,1018,79485,1158,98964,1686,10.5,0.6,53642,3303,33.2,1.1,78014,3685,34.6,1.1,128115,3567,10.4,0.8,83073,5593,8.9,0.7,138180,6795,2.4,0.5,88607,6196,318864,*****,33634,482,58.6,0.3,39505,751,29.6,0.3,23395,618,0.3,0.1,20143,7234,7.4,0.2,36194,2177,0.1,0.1,39835,26671,1.5,0.3,16364,2805,2.6,0.3,21942,6585,5.3,*****,18081,1689,55.4,0.1,40637,750,27.6,(X),(X),(X),27.4,(X),(X),(X),22.2,(X),(X),(X)
0500000US51089,51089,"Henry County, Virginia",22415,375,46593,2462,66.9,1.5,47781,2544,17.8,1.5,11131,7343,42.5,1.4,17412,463,7.1,1.0,8760,876,3.3,0.8,1960,731,22.4,1.4,15083,2293,14903,549,53198,2583,23.1,1.7,30851,2475,33.0,2.7,44795,3195,27.9,2.4,70927,4152,9.3,1.7,62939,11191,5.1,1.1,90939,15074,1.5,0.6,63999,18259,52580,*****,20159,1039,73.3,0.8,21073,888,22.3,0.4,19086,3427,0.0,0.1,N,N,0.5,0.1,17720,4432,0.0,0.1,-,**,2.2,0.7,8764,2125,1.6,0.5,10245,7094,5.2,*****,9951,1652,70.6,0.3,21451,913,36.5,(X),(X),(X),36.9,(X),(X),(X),29.6,(X),(X),(X)
0500000US51091,51091,"Highland County, Virginia",1071,88,56516,6331,64.3,6.4,54722,8009,29.8,5.6,14414,6921,56.8,6.5,17860,1192,4.5,2.6,5860,2229,1.9,1.9,1735,1378,26.4,5.3,22287,4852,696,61,64345,8255,27.6,7.3,44902,10221,27.4,7.6,54086,12949,29.2,6.9,93464,18522,8.9,4.1,64418,20229,4.7,4.1,62909,13628,2.2,2.2,52653,22385,2244,*****,26809,2995,99.5,0.8,26711,2985,0.0,1.4,-,**,0.4,0.7,N,N,0.0,1.4,-,**,0.0,1.4,-,**,0.0,1.4,-,**,0.1,0.2,N,N,0.0,1.4,-,**,99.5,0.8,26711,2985,35.6,(X),(X),(X),35.1,(X),(X),(X),27.8,(X),(X),(X)
0500000US51093,51093,"Isle of Wight County, Virginia",13769,288,79509,3081,76.1,2.0,80775,3387,21.7,2.0,9698,2452,33.0,1.6,18361,931,5.1,1.0,7581,990,4.5,1.2,4589,1374,28.9,1.5,26717,2259,10175,346,90969,3629,16.3,2.1,45749,4570,27.7,2.6,77694,11612,36.3,2.9,114277,5536,9.1,1.7,76719,11052,9.8,1.7,130321,9075,0.8,0.4,91295,21999,35740,*****,31460,1250,71.8,0.3,34784,1492,22.8,0.9,24119,1691,0.1,0.1,40391,12431,0.9,0.3,30757,21843,0.0,0.1,N,N,1.2,0.4,18956,6823,3.1,0.9,12662,5018,2.5,*****,15992,6211,70.7,0.1,35137,1511,26.7,(X),(X),(X),25.7,(X),(X),(X),20.1,(X),(X),(X)
0500000US51095,51095,"James City County, Virginia",28000,480,98634,4616,72.8,1.5,88558,4795,38.4,1.8,25678,4240,38.9,1.4,21468,771,2.4,0.7,12086,2001,1.9,0.6,2880,667,35.9,1.7,38267,2757,19872,558,112302,6347,20.6,1.6,92822,10075,30.4,2.7,105415,16264,30.1,2.3,125084,8506,9.3,1.4,91620,11726,8.3,1.2,160659,22018,1.2,0.6,124870,21928,70673,*****,39802,1806,80.3,0.5,43421,2208,13.5,0.5,22929,2335,0.4,0.2,26492,15993,3.0,0.2,39937,9389,0.0,0.1,N,N,0.7,0.4,22528,6963,2.0,0.6,17840,7698,5.2,*****,20961,4880,76.5,0.1,44630,2238,27.5,(X),(X),(X),27.3,(X),(X),(X),22.2,(X),(X),(X)
0500000US51097,51097,"King and Queen County, Virginia",2894,126,60884,4776,74.9,3.3,60186,5770,16.6,4.4,6052,1914,41.8,3.2,17618,1353,6.0,2.5,8232,2216,2.2,1.7,647,256,22.8,4.4,20888,3901,1956,165,68511,6199,13.0,3.8,47662,11190,36.2,6.5,52870,6567,34.4,5.6,87118,12727,10.5,4.3,60659,13718,4.4,2.6,91876,21555,1.5,1.7,188862,72513,7106,*****,25498,2127,68.8,0.6,28620,2832,26.5,2.1,19019,2508,0.8,0.9,28783,15439,0.2,0.3,N,N,0.0,0.5,-,**,0.2,0.3,N,N,3.4,2.3,9234,3915,3.3,*****,17114,9182,65.8,0.5,29340,2925,63.4,(X),(X),(X),64.1,(X),(X),(X),54.2,(X),(X),(X)
0500000US51099,51099,"King George County, Virginia",8379,245,99641,5148,84.8,1.7,96570,4778,23.6,2.3,12673,7984,23.5,2.0,18436,1693,4.3,1.3,8458,1678,0.8,0.7,3146,1417,27.0,2.9,30118,3581,6353,292,106092,6078,11.5,2.1,72940,22869,30.2,3.6,83711,8981,38.3,3.7,124523,6779,8.8,2.1,83217,12907,9.4,2.3,168872,16445,1.9,1.0,84839,24641,24933,*****,34529,1685,76.6,0.9,36393,2109,18.0,0.8,28260,3838,0.1,0.2,N,N,1.3,0.3,28236,8141,0.1,0.1,N,N,0.5,0.4,17713,8213,3.4,0.8,28957,12855,4.2,*****,42637,11869,74.0,0.1,36506,2156,27.1,(X),(X),(X),26.2,(X),(X),(X),20.9,(X),(X),(X)
0500000US51101,51101,"King William County, Virginia",6036,195,72927,4788,81.7,2.3,70950,4776,16.6,2.5,23965,14625,28.4,1.9,19736,1254,3.2,1.5,8486,2338,1.1,0.8,1397,1367,19.2,2.5,22923,3140,4552,226,78436,5649,14.5,2.6,49387,13893,28.1,4.3,55622,6304,39.7,4.6,93297,6505,8.4,2.6,85536,13157,8.9,2.8,126017,41921,0.5,0.6,63922,19662,16097,*****,28300,1943,76.5,0.7,29969,2223,19.5,0.9,23603,3991,1.1,0.3,32287,6912,0.9,0.3,16412,21348,0.0,0.2,-,**,0.2,0.4,N,N,1.7,0.9,11641,9268,0.8,0.8,14513,9123,76.1,0.3,30099,2234,50.0,(X),(X),(X),47.8,(X),(X),(X),41.9,(X),(X),(X)
0500000US51103,51103,"Lancaster County, Virginia",5164,301,64404,4541,58.7,3.4,60503,5446,31.9,3.1,24757,5303,51.6,3.3,18912,1026,3.6,1.4,11456,1963,1.0,0.8,2027,1733,28.4,3.0,33642,4240,3005,241,78634,5238,26.9,3.7,72089,9944,30.9,4.8,71399,10552,25.8,4.5,99589,9218,10.1,2.8,56428,7520,5.1,1.8,95373,22609,1.2,1.3,78484,17634,11129,*****,31062,2249,69.8,0.5,36535,3107,28.0,0.4,18592,2158,0.0,0.3,-,**,1.0,0.7,21197,5343,0.0,0.3,-,**,0.1,0.2,N,N,1.1,0.5,12118,8016,1.6,*****,23055,9763,69.0,0.3,36653,3095,38.4,(X),(X),(X),38.8,(X),(X),(X),32.3,(X),(X),(X)
0500000US51105,51105,"Lee County, Virginia",9445,411,44070,3252,59.1,2.9,47551,4493,12.6,1.8,10943,5886,53.9,2.7,15801,747,13.2,2.5,7490,695,3.4,1.0,2356,846,22.4,2.1,15710,2100,6381,390,53937,4219,29.3,3.1,26661,2789,35.0,3.6,51707,9533,21.5,3.0,86643,11640,10.0,2.4,55996,7562,3.2,1.3,97963,14434,0.9,0.6,65074,13908,25206,*****,17899,1195,93.9,0.4,17759,1071,3.8,1.1,14855,7023,0.2,0.2,10588,9611,0.3,0.3,212061,243821,0.0,0.1,-,**,0.5,0.3,1667,1699,1.2,0.8,5167,6133,1.8,*****,7793,7019,93.0,0.1,17866,1070,30.4,(X),(X),(X),31.3,(X),(X),(X),25.8,(X),(X),(X)
0500000US51107,51107,"Loudoun County, Virginia",113432,710,143939,1879,92.4,0.4,139758,1872,30.5,1.0,14961,1489,15.3,0.4,19111,436,1.4,0.2,10399,1127,1.0,0.2,4774,1363,14.5,0.6,39365,1516,87905,913,156930,2348,4.2,0.4,85903,7013,28.3,1.1,128618,4808,45.4,1.0,178231,3142,8.0,0.7,124436,7508,11.6,0.6,196669,6724,2.6,0.4,129362,10198,351129,*****,47495,606,67.8,0.5,51892,824,7.4,0.2,40701,2289,0.2,0.1,37105,12932,16.2,0.3,45171,1704,0.1,0.1,59530,15541,3.6,0.5,19413,1653,4.7,0.4,24748,2091,13.2,*****,23850,1230,59.3,0.1,55697,846,26.4,(X),(X),(X),26.0,(X),(X),(X),20.8,(X),(X),(X)
0500000US51109,51109,"Louisa County, Virginia",12829,394,72737,5916,77.2,2.0,72237,6429,20.5,2.2,11890,3249,35.1,1.9,17911,881,3.6,1.1,7299,1236,1.8,0.7,2577,1131,25.5,2.1,25734,3194,9271,352,84268,7705,16.0,2.2,46340,6178,30.8,2.7,67276,6632,34.4,3.3,114305,19529,6.8,1.8,67801,12529,9.6,2.0,103378,11187,2.5,1.0,93831,16869,33986,*****,28323,2281,78.4,1.1,30812,2829,16.7,0.8,21346,2175,0.4,0.2,11554,3392,0.5,0.2,24259,8231,0.0,0.1,-,**,1.9,1.1,12664,6320,2.2,0.9,9364,2542,2.5,*****,14553,4309,77.0,1.1,31158,2878,28.5,(X),(X),(X),29.4,(X),(X),(X),22.6,(X),(X),(X)
0500000US51111,51111,"Lunenburg County, Virginia",4516,482,49939,3455,68.1,3.3,49465,3161,14.0,3.0,16467,11909,41.2,3.8,16538,1064,6.2,1.8,9578,1168,2.7,1.0,2294,1656,22.8,3.0,22694,3267,3103,384,57235,4952,23.7,3.7,33143,5770,32.1,4.2,44158,6072,30.6,4.3,87058,11701,8.2,2.4,47851,6452,4.7,2.2,90039,8200,0.7,0.6,59568,16147,12558,*****,18428,1996,61.8,1.0,22433,2282,34.0,0.6,12020,2330,0.1,0.1,-,**,0.3,0.1,7728,4181,0.0,0.3,-,**,1.7,1.0,8255,4473,2.0,0.8,14976,6405,4.0,*****,10128,4211,60.0,0.3,22789,2308,32.5,(X),(X),(X),32.8,(X),(X),(X),25.3,(X),(X),(X)
0500000US51113,51113,"Madison County, Virginia",5003,223,63915,7004,76.3,3.5,60764,8806,22.9,4.5,15483,6380,37.7,3.1,17862,1662,4.3,1.9,9472,1726,4.5,2.1,2766,1281,19.4,3.6,29354,5151,3406,249,68264,5905,16.3,4.0,49032,9205,29.5,5.7,64040,14063,36.8,5.5,79607,10279,10.3,3.3,50369,14876,6.0,3.1,102443,25307,1.1,1.0,65514,21451,13147,*****,25349,2692,85.8,0.7,27427,3007,8.3,1.6,12323,3415,0.0,0.2,-,**,0.0,0.2,-,**,0.0,0.2,-,**,1.0,0.7,18870,3339,4.9,1.7,12374,5717,2.1,*****,11799,6195,85.3,0.1,27527,2986,30.9,(X),(X),(X),31.8,(X),(X),(X),25.3,(X),(X),(X)
0500000US51115,51115,"Mathews County, Virginia",3806,299,74698,6426,64.1,4.7,70758,7355,23.8,5.1,27207,16144,47.1,4.4,18021,1639,3.1,2.3,10354,3111,2.6,2.0,1131,959,34.4,6.0,34551,6916,2685,253,84414,7337,24.5,5.9,N,N,29.0,6.4,N,N,30.2,5.4,N,N,8.0,4.1,N,N,7.0,4.2,N,N,1.4,1.8,N,N,8880,*****,32397,2865,86.3,0.2,34480,3272,10.3,1.5,22052,6096,0.5,0.7,9956,8524,0.5,0.8,N,N,0.0,0.1,N,N,0.4,0.7,N,N,1.9,1.1,10890,9804,1.4,1.1,5300,7195,86.2,0.4,34496,3277,47.1,(X),(X),(X),48.9,(X),(X),(X),39.0,(X),(X),(X)
0500000US51117,51117,"Mecklenburg County, Virginia",12482,363,49065,2180,64.7,2.1,50453,2889,19.3,1.7,9370,1581,45.5,1.9,16084,580,7.0,1.3,8418,805,1.7,0.6,1164,499,24.3,2.1,21487,1958,7789,373,60065,2859,22.0,2.1,36079,3186,34.1,3.6,51162,5649,26.9,2.4,84699,6397,9.1,2.4,53497,8036,6.4,1.6,93694,10261,1.5,0.7,67351,10927,31555,*****,20618,801,60.6,0.4,24269,1215,35.1,0.7,15720,1202,0.1,0.1,N,N,0.4,0.3,20912,14071,0.0,0.1,N,N,1.7,0.4,12865,3946,2.1,0.7,2661,1677,2.6,*****,19506,5931,59.7,0.1,24128,1220,30.9,(X),(X),(X),29.8,(X),(X),(X),24.9,(X),(X),(X)
0500000US51119,51119,"Middlesex County, Virginia",4342,283,71189,5429,64.1,3.8,65014,6121,32.2,4.3,21192,6913,50.9,3.1,18767,1106,3.6,1.3,8863,2311,1.4,1.1,1460,1427,34.0,3.9,33333,6570,2911,268,83110,7859,25.5,3.7,76498,18057,24.8,4.8,60737,8820,29.9,5.0,107333,14868,9.3,2.9,64060,19543,7.5,3.3,101542,19026,3.0,2.0,96143,14194,10717,*****,30297,2281,79.4,0.6,34296,2848,19.3,0.4,14508,1908,0.5,0.5,42736,8672,0.0,0.3,-,**,0.1,0.2,N,N,0.3,0.3,N,N,0.4,0.4,5059,6549,2.0,*****,22430,9994,78.1,0.3,34534,2872,43.2,(X),(X),(X),43.6,(X),(X),(X),35.3,(X),(X),(X)
0500000US51121,51121,"Montgomery County, Virginia",35199,687,66108,2446,81.7,1.6,64346,2763,23.6,1.5,14764,5416,23.4,1.5,18897,928,3.2,0.6,9574,1299,1.7,0.5,3182,934,17.1,1.1,24338,2074,19017,551,89813,3940,13.5,1.7,50642,5445,30.9,2.3,69642,6784,40.3,2.4,113701,7999,6.5,1.6,75725,12773,7.9,1.3,127862,18275,0.9,0.4,68872,16818,96467,*****,25368,817,86.7,0.5,26208,938,4.3,0.3,16444,2848,0.2,0.1,16691,10773,6.1,0.3,23612,6730,0.0,0.1,N,N,0.9,0.4,8905,3653,1.6,0.4,18043,7506,3.0,*****,18276,3642,84.5,0.4,26410,982,30.9,(X),(X),(X),28.0,(X),(X),(X),25.8,(X),(X),(X)
0500000US51125,51125,"Nelson County, Virginia",6339,291,63968,8820,70.9,3.9,62901,10896,21.6,3.4,14685,6066,43.7,3.1,18392,1434,5.4,2.1,7543,961,3.4,1.7,1208,501,27.0,4.3,23917,3938,3997,317,75157,12529,16.6,3.9,46694,10000,32.0,4.8,58064,9490,35.9,4.5,103848,33322,8.6,2.8,47009,9155,3.5,1.9,104557,14951,3.3,2.0,114184,27950,14858,*****,27528,3811,83.9,1.3,29008,3693,13.4,0.7,14249,2054,0.2,0.3,34024,15118,0.2,0.3,N,N,0.0,0.2,-,**,1.3,1.3,12072,7632,0.8,0.6,N,N,3.5,*****,10550,6506,81.7,0.1,29521,3742,34.1,(X),(X),(X),35.4,(X),(X),(X),27.3,(X),(X),(X)
0500000US51127,51127,"New Kent County, Virginia",7299,190,89039,6069,82.3,2.5,86203,6374,25.2,3.2,11476,5775,33.4,2.2,19849,1127,4.8,2.0,11595,3553,1.3,1.1,3003,1103,27.9,3.4,22860,2879,5659,240,98052,6705,12.8,3.1,52363,14009,26.3,4.6,81201,18671,42.8,4.6,115696,6888,8.7,2.9,91153,12836,8.1,2.5,135379,19645,1.4,0.9,120763,42076,19560,*****,33689,2344,81.6,0.5,34658,2330,12.3,1.3,35469,10243,0.8,0.3,40710,12314,0.8,0.4,37527,15517,0.0,0.2,-,**,0.6,0.5,9503,12029,4.0,1.5,9919,3207,2.4,*****,18847,5744,79.8,0.3,34913,2409,38.3,(X),(X),(X),38.9,(X),(X),(X),31.9,(X),(X),(X)
0500000US51131,51131,"Northampton County, Virginia",5248,250,50326,4106,62.2,3.3,53504,4995,16.4,2.3,19348,8465,46.6,2.7,16458,992,5.1,1.3,7676,985,1.3,1.1,4921,1875,21.6,2.8,21808,3355,3117,260,62501,6012,24.6,3.7,40623,10328,34.5,4.4,54580,7104,25.1,4.0,87290,12373,9.0,2.9,46749,5896,4.1,2.0,119966,32940,2.6,1.6,98923,26627,12184,*****,22490,1610,61.6,0.4,27506,2237,36.4,0.3,13752,1894,0.1,0.1,N,N,0.8,0.2,14441,8528,0.2,0.2,N,N,0.5,0.4,14990,9808,0.4,0.3,18876,9983,8.0,*****,15995,7627,54.2,0.3,29070,2230,40.6,(X),(X),(X),41.8,(X),(X),(X),30.7,(X),(X),(X)
0500000US51133,51133,"Northumberland County, Virginia",5861,334,66878,5214,63.3,3.6,60146,7046,31.1,3.6,17411,4901,50.7,3.3,19705,1373,4.4,1.8,10632,2907,2.0,1.0,4547,3963,32.0,3.6,35464,3929,4020,299,73413,6458,27.3,3.5,72616,11183,31.7,4.6,58300,9977,24.6,4.2,88401,18378,8.3,3.9,62062,16107,6.8,2.8,109249,16506,1.3,1.2,60398,15433,12304,*****,31280,2311,70.5,0.3,36499,2855,28.7,1.2,19029,4344,0.5,0.8,N,N,0.1,0.1,N,N,0.0,0.3,-,**,0.0,0.3,-,**,0.3,0.4,-,**,0.5,0.4,6370,4411,70.1,0.3,36644,2851,42.1,(X),(X),(X),42.9,(X),(X),(X),32.6,(X),(X),(X)
0500000US51135,51135,"Nottoway County, Virginia",5589,259,49331,4188,67.8,3.6,50037,4621,13.9,3.2,9166,5679,46.1,3.4,15273,1047,7.3,2.3,8275,1369,4.1,1.9,2971,1377,23.1,3.6,22064,4779,3769,260,59092,5571,19.0,4.1,24325,4219,38.9,5.4,51731,9520,24.1,4.3,82220,12292,11.4,3.8,67429,7490,4.6,2.0,119285,16847,1.9,1.6,69422,29951,15711,*****,18917,1588,56.8,0.9,23685,2211,39.6,1.5,12988,1948,0.3,0.3,8803,4792,0.6,0.6,1727,1360,0.0,0.3,N,N,1.1,1.0,15019,8559,1.7,1.0,6896,4038,3.9,*****,10146,6042,55.1,0.2,24025,2208,30.9,(X),(X),(X),34.7,(X),(X),(X),26.9,(X),(X),(X)
0500000US51137,51137,"Orange County, Virginia",12810,319,76323,3969,74.7,2.5,74029,4563,21.9,2.1,18418,6008,37.3,2.1,18783,1146,3.7,1.2,7486,1102,6.0,1.5,3156,1087,27.2,2.2,30436,2645,9308,476,85992,5029,18.5,2.5,63655,6503,34.6,3.8,77048,10945,29.8,3.3,104001,8229,7.5,2.0,76379,27901,7.1,1.8,120943,16001,2.5,1.4,90408,23443,34596,*****,29748,1623,82.6,0.4,31138,1657,12.7,0.7,26679,5480,0.2,0.2,N,N,1.0,0.3,21083,7685,0.0,0.1,-,**,1.0,0.5,18681,6880,2.5,0.7,6941,3447,4.1,*****,15452,2908,79.4,0.1,31834,1688,24.2,(X),(X),(X),25.4,(X),(X),(X),18.4,(X),(X),(X)
0500000US51139,51139,"Page County, Virginia",9372,284,55393,3109,73.3,2.3,54257,3827,21.4,2.3,9094,2698,41.4,2.6,17170,960,6.6,1.8,9248,2120,2.9,1.0,6364,4658,21.2,2.2,21139,3063,6673,311,61821,4237,19.3,2.9,39223,4905,34.1,4.2,48892,4766,27.6,3.8,79094,5908,8.5,2.0,55972,8820,9.2,2.6,107071,20866,1.3,0.7,85042,19889,23843,*****,22241,1288,95.6,0.4,22736,1336,1.6,0.4,17693,7379,0.2,0.2,17156,11046,0.5,0.1,10707,2396,0.0,0.1,-,**,0.6,0.5,5713,9938,1.4,0.8,5690,3215,1.8,*****,10977,2332,94.7,0.1,22863,1351,35.0,(X),(X),(X),34.8,(X),(X),(X),26.4,(X),(X),(X)
0500000US51141,51141,"Patrick County, Virginia",7790,306,43977,2859,62.9,2.9,48076,4115,14.7,2.2,6412,2245,47.8,2.7,16511,892,4.6,1.5,7519,1310,5.0,1.6,4012,1175,21.0,2.7,14366,1941,5073,342,52891,3917,27.7,3.5,28305,3621,33.3,4.4,47018,4528,26.7,4.0,78556,9055,6.0,2.6,52257,19729,4.2,1.8,84994,10280,2.1,1.4,81383,25108,18264,*****,19311,1317,92.2,0.7,19835,1428,6.4,0.4,14073,2007,0.2,0.2,-,**,0.1,0.1,-,**,0.0,0.2,-,**,0.3,0.4,N,N,0.9,0.6,13222,7683,2.7,*****,6560,5578,90.0,0.2,20197,1414,41.4,(X),(X),(X),46.2,(X),(X),(X),34.3,(X),(X),(X)
0500000US51143,51143,"Pittsylvania County, Virginia",26204,484,51719,1546,72.5,1.4,51796,1940,17.6,1.5,10794,2554,40.9,1.3,16529,442,6.4,0.9,8862,760,1.9,0.4,2447,819,22.1,1.5,15710,941,18080,448,60663,2026,19.0,1.6,34445,3662,32.2,1.8,47695,3507,31.4,1.9,78546,2853,8.5,1.4,61014,5261,7.3,1.1,105728,7488,1.6,0.5,73994,9178,62794,*****,21667,616,74.8,0.3,23461,765,21.4,0.4,16868,983,0.1,0.1,75763,41658,0.3,0.1,28240,4927,0.0,0.1,N,N,1.6,0.4,10401,3171,1.7,0.4,9921,4319,2.4,*****,11558,2823,74.2,0.1,23542,771,35.7,(X),(X),(X),35.0,(X),(X),(X),27.6,(X),(X),(X)
0500000US51145,51145,"Powhatan County, Virginia",9730,206,91042,3670,81.9,1.6,87996,4235,25.9,2.6,14732,4152,34.0,1.7,20115,1389,3.1,1.2,9498,1869,1.2,0.6,3702,1360,23.8,2.3,26931,2892,7808,272,99403,4770,13.4,2.2,65282,9621,28.9,3.6,83608,10954,37.1,3.5,121292,7973,9.5,2.4,78809,10548,8.4,2.2,139357,12954,2.7,1.5,85838,20758,28207,*****,32110,1419,85.0,0.3,35420,1564,12.3,0.5,12530,2614,0.3,0.1,10002,9110,0.5,0.2,50863,21016,0.1,0.1,-,**,0.3,0.2,N,N,1.5,0.5,9453,5576,2.0,*****,14599,3653,83.4,0.2,35781,1601,24.6,(X),(X),(X),22.7,(X),(X),(X),22.0,(X),(X),(X)
0500000US51147,51147,"Prince Edward County, Virginia",7409,383,53243,4118,74.3,3.2,50924,4675,19.0,2.7,15023,8086,37.2,2.3,18064,1309,6.8,1.8,8582,1219,3.5,1.5,1803,644,21.2,2.6,20012,2583,4775,352,62378,5994,18.8,3.8,34575,6928,40.0,5.7,56697,10821,25.5,4.1,84929,8308,8.6,3.3,52845,11429,5.8,2.1,107718,16540,1.4,1.2,58649,14372,23022,*****,17901,1350,64.1,0.5,20390,1819,32.9,1.2,13546,1451,0.4,0.4,N,N,1.4,1.0,16752,14163,0.0,0.1,-,**,0.4,0.3,2231,2636,0.8,0.4,6507,4896,2.4,*****,7450,7665,62.3,0.1,20721,1791,31.9,(X),(X),(X),34.2,(X),(X),(X),26.3,(X),(X),(X)
0500000US51149,51149,"Prince George County, Virginia",11102,343,74474,3040,81.2,1.9,70499,3267,23.0,2.6,8491,2004,31.4,2.1,18961,1024,4.0,1.3,10490,2086,1.3,0.6,2206,1176,30.9,2.4,22267,1961,8808,379,81221,3801,13.7,2.2,45865,5040,40.8,3.3,62139,5074,28.0,3.5,108130,6028,5.6,1.6,88127,10012,9.7,2.5,117606,9312,2.1,1.1,136492,30313,37380,*****,24785,1017,59.8,1.0,28150,1273,32.1,0.7,19663,1591,0.7,0.2,15806,6385,2.1,0.2,23775,8899,0.4,0.1,45859,35220,2.1,0.8,16287,6244,3.0,0.7,18381,3883,7.1,*****,18589,4134,56.4,0.4,28364,1300,31.0,(X),(X),(X),29.9,(X),(X),(X),27.4,(X),(X),(X)
0500000US51153,51153,"Prince William County, Virginia",136794,649,115399,1398,91.1,0.4,109514,1437,22.2,0.7,11265,1091,17.3,0.4,18370,433,2.5,0.3,9445,689,2.0,0.3,3187,425,20.2,0.6,38268,1179,105896,986,123540,1645,5.5,0.4,73601,4360,29.8,1.1,88584,2677,37.3,0.9,147468,3013,10.0,0.6,102949,4860,13.4,0.7,168189,4979,4.0,0.4,131611,6695,437271,*****,37215,427,61.4,0.4,40959,588,20.5,0.3,35565,1008,0.4,0.1,26256,6186,7.8,0.2,31928,1760,0.1,0.1,36588,15745,4.6,0.4,21204,1409,5.3,0.3,22480,2133,21.5,*****,21710,638,46.3,0.1,47302,702,30.0,(X),(X),(X),30.8,(X),(X),(X),22.8,(X),(X),(X)
0500000US51155,51155,"Pulaski County, Virginia",14619,370,59580,2527,71.0,2.1,59372,2872,17.5,1.8,20214,8293,39.3,2.2,18637,710,5.8,1.2,10159,1275,2.7,0.8,2459,981,27.1,2.2,17710,1547,9847,433,69465,2902,21.0,2.6,41478,5948,32.5,3.3,63017,7520,31.2,3.1,87024,5576,6.6,1.6,66543,8012,7.2,1.6,105338,11539,1.5,0.8,76994,16227,34528,*****,25556,1122,92.1,0.4,25963,1094,5.8,0.5,22295,5421,0.0,0.1,N,N,0.1,0.1,12343,17813,0.0,0.1,-,**,0.3,0.3,6935,7849,1.6,0.6,19171,14458,1.5,*****,19640,7490,91.0,0.2,26045,1108,34.5,(X),(X),(X),34.2,(X),(X),(X),26.8,(X),(X),(X)
0500000US51157,51157,"Rappahannock County, Virginia",3273,158,84667,7559,77.9,3.6,79365,8720,36.8,5.2,18208,6813,42.1,3.6,20775,1590,2.6,1.4,6663,2493,2.3,1.7,4171,2139,21.4,3.2,25679,3908,2276,144,97865,10110,13.7,3.0,40354,5879,32.9,5.7,86263,16120,35.8,5.4,125970,24101,6.9,2.4,93015,23953,6.2,2.9,133170,27558,4.6,2.1,92111,27303,7431,*****,36567,3317,92.4,0.8,36569,2758,4.2,1.3,53466,44784,0.1,0.2,N,N,0.8,1.0,14887,6930,0.0,0.4,-,**,0.3,0.5,N,N,2.2,1.3,16280,16328,3.4,*****,19804,15538,89.5,0.1,37032,2723,35.7,(X),(X),(X),35.9,(X),(X),(X),28.3,(X),(X),(X)
0500000US51159,51159,"Richmond County, Virginia",2875,204,58774,6264,70.0,4.1,59189,7687,22.9,4.2,19116,11157,42.4,4.1,16164,1605,6.2,2.6,6982,1413,2.1,1.5,4831,6796,24.7,4.6,19351,3535,2038,176,67887,8533,20.7,4.3,49666,22724,32.8,5.8,45146,6200,29.3,5.7,83594,9923,6.9,3.7,61676,9298,6.0,3.8,166333,68135,4.3,3.1,93605,22751,8989,*****,19407,2172,66.5,0.5,22468,2912,28.8,2.4,11965,2801,0.3,0.3,48132,148425,2.2,2.5,24582,5131,0.0,0.4,-,**,0.6,0.4,-,**,1.6,0.9,22089,31166,6.2,*****,9073,4026,61.3,0.1,23511,3149,39.5,(X),(X),(X),42.2,(X),(X),(X),27.9,(X),(X),(X)
0500000US51161,51161,"Roanoke County, Virginia",38164,371,75655,2176,76.9,1.1,74954,2763,25.4,1.5,13618,2404,36.7,1.1,20136,565,3.6,0.6,9309,970,1.5,0.4,4142,1655,23.8,1.4,23226,1972,26027,573,89165,3007,15.1,1.3,53705,4663,32.5,2.3,77016,5605,35.1,1.9,107139,3710,8.0,1.5,87576,10567,7.3,1.2,127218,9921,2.1,0.8,104758,20422,93633,*****,31370,816,89.0,0.3,32120,868,5.8,0.3,25735,3377,0.1,0.1,30882,19412,2.9,0.4,33004,6623,0.0,0.1,-,**,0.1,0.1,19698,14196,2.1,0.5,14173,3813,2.6,*****,23840,6989,87.0,0.1,32190,882,29.6,(X),(X),(X),29.3,(X),(X),(X),23.2,(X),(X),(X)
0500000US51163,51163,"Rockbridge County, Virginia",9319,285,63232,4849,73.0,3.0,57584,4504,25.3,2.6,22283,11476,43.6,2.9,18257,942,4.3,1.3,9904,1513,2.1,0.8,2035,587,25.5,2.4,24884,3240,6214,327,73478,6785,17.8,2.8,49924,12306,36.0,4.2,64357,15049,31.3,4.1,89175,8801,6.5,2.5,75911,12865,6.9,2.1,112644,25613,1.4,0.9,52815,21505,22444,*****,26767,1971,93.8,0.5,27455,2124,2.9,0.3,14099,4245,0.1,0.2,100569,41935,0.7,0.1,21350,10054,0.1,0.1,N,N,0.8,0.5,10927,9476,1.7,0.5,15680,7058,1.5,*****,11666,8112,93.2,0.1,27506,2112,34.8,(X),(X),(X),35.3,(X),(X),(X),26.6,(X),(X),(X)
0500000US51165,51165,"Rockingham County, Virginia",29625,334,68784,3550,78.6,1.1,65619,3772,26.4,1.7,20255,5531,34.9,0.9,18815,470,3.8,0.5,8661,779,1.7,0.6,2707,1236,19.2,1.1,20135,1563,21349,460,77678,4167,14.4,1.1,47464,6621,28.1,1.6,59088,4024,35.6,1.8,89959,3396,8.7,1.2,66853,5586,10.6,1.4,107110,5788,2.5,0.7,197318,150897,77785,*****,26472,1229,94.3,0.6,27183,1273,1.8,0.2,22389,4333,0.3,0.2,14391,5144,0.7,0.1,24195,8026,0.0,0.1,N,N,1.4,0.5,10409,3116,1.5,0.3,4892,1433,5.9,*****,11156,1272,90.3,0.1,27892,1349,32.2,(X),(X),(X),32.9,(X),(X),(X),24.2,(X),(X),(X)
0500000US51167,51167,"Russell County, Virginia",11045,268,48217,3110,60.7,2.8,56766,4445,15.7,2.1,5180,1293,51.7,2.7,16769,707,8.5,1.8,9183,1154,3.4,1.0,1322,371,21.6,2.7,11959,1623,7376,406,56588,4434,29.3,3.6,26034,2758,32.4,3.3,51730,8448,22.7,2.6,79067,6221,6.8,2.2,85493,14185,7.0,1.7,98083,10195,1.7,0.9,87891,24267,28245,*****,20053,1193,97.2,0.4,20279,1243,1.0,0.3,9797,3567,0.0,0.1,N,N,0.1,0.3,N,N,0.0,0.1,-,**,0.6,0.4,25785,13637,1.0,0.5,4514,3094,1.1,*****,17817,10311,96.7,0.2,20333,1247,35.4,(X),(X),(X),36.3,(X),(X),(X),27.4,(X),(X),(X)
0500000US51169,51169,"Scott County, Virginia",9379,303,50149,3023,61.5,2.0,56038,3848,17.8,2.0,7644,2481,47.3,1.8,16455,644,10.2,1.7,8058,560,4.3,1.0,2653,711,24.4,2.0,17663,4733,6476,271,58970,3792,27.5,2.5,30255,3347,29.7,2.7,48898,4764,27.8,3.0,80433,4581,7.6,1.9,82745,39096,5.1,1.4,106089,13515,2.3,1.2,90205,14582,22570,*****,21295,1272,98.1,0.1,21436,1280,0.8,0.4,17864,17060,0.1,0.1,N,N,0.3,0.1,16328,7821,0.0,0.1,-,**,0.1,0.1,N,N,0.7,0.3,10093,3916,1.2,*****,18559,14114,97.0,0.1,21455,1292,30.2,(X),(X),(X),33.4,(X),(X),(X),23.6,(X),(X),(X)
0500000US51171,51171,"Shenandoah County, Virginia",17096,372,60990,2177,73.4,1.5,60411,2640,23.9,1.8,10974,2164,38.6,1.6,17777,697,4.1,1.0,9573,1496,2.5,0.8,2503,730,25.4,2.0,21787,2574,11758,366,70173,2990,16.0,1.6,49377,5449,33.4,3.0,51792,3493,35.1,3.1,91855,6163,7.3,1.6,64500,6239,6.9,1.2,98134,10262,1.3,0.6,95960,42038,42724,*****,25253,862,93.1,0.8,25448,852,2.4,0.3,30075,20899,0.1,0.1,30736,38790,0.5,0.1,29932,17650,0.0,0.1,-,**,2.0,0.8,23297,9265,2.0,0.4,10833,4089,6.8,*****,17525,3205,89.1,0.1,25941,873,30.2,(X),(X),(X),28.3,(X),(X),(X),22.7,(X),(X),(X)
0500000US51173,51173,"Smyth County, Virginia",12795,296,51853,3854,67.0,2.1,56940,5644,16.7,1.5,8774,2489,40.9,1.7,16793,510,7.1,1.0,9110,918,2.6,0.7,2966,955,22.5,2.0,15861,1608,8598,350,59116,3060,24.5,2.0,32208,3401,32.5,2.9,48785,5511,27.8,2.5,83475,9878,6.4,1.5,56595,6797,7.3,1.5,96578,7397,1.5,0.7,99086,25934,31734,*****,21927,1508,96.1,0.2,22228,1567,2.1,0.4,15150,6511,0.1,0.1,N,N,0.3,0.1,14594,6690,0.0,0.1,-,**,0.0,0.1,N,N,1.4,0.4,12111,5469,1.8,*****,8910,3112,94.5,0.1,22485,1616,34.8,(X),(X),(X),36.0,(X),(X),(X),28.5,(X),(X),(X)
0500000US51175,51175,"Southampton County, Virginia",6682,240,60604,4067,76.8,2.4,59512,5260,19.3,2.7,10239,2883,35.3,2.4,17383,929,5.6,1.7,8821,1835,4.1,1.5,2036,999,26.9,2.7,17586,2083,4916,249,68795,5598,16.1,2.8,42239,7384,36.0,4.1,44914,4523,29.2,3.7,102575,13629,8.5,2.0,61987,8410,8.5,2.1,109582,12399,1.7,1.4,76699,10812,18410,*****,23259,1453,60.9,0.3,27896,2256,35.9,1.0,16549,1884,0.1,0.1,22079,18911,0.1,0.1,N,N,0.0,0.2,-,**,0.4,0.3,19288,14272,2.5,0.9,7986,4225,1.3,*****,9733,5166,60.0,0.2,28242,2272,30.7,(X),(X),(X),32.5,(X),(X),(X),24.7,(X),(X),(X)
0500000US51177,51177,"Spotsylvania County, Virginia",42823,449,93057,1979,83.8,0.9,89551,2248,21.1,1.1,14133,2080,24.5,0.8,18638,490,3.3,0.6,9394,915,2.3,0.4,2268,434,25.2,1.1,31801,1597,33531,549,101791,2401,10.8,1.1,62073,4804,31.2,2.0,79129,3688,34.9,1.6,122527,4300,9.7,1.0,89425,7176,11.0,0.9,146944,6784,2.4,0.5,117198,13950,127691,*****,32105,693,74.3,0.5,34644,830,16.0,0.4,27042,1277,0.4,0.1,31116,6378,2.5,0.2,25930,6776,0.2,0.1,14051,17053,3.8,0.6,17031,3300,2.8,0.4,21107,3706,8.3,*****,20550,1742,70.6,0.1,35186,873,26.8,(X),(X),(X),25.4,(X),(X),(X),19.5,(X),(X),(X)
0500000US51179,51179,"Stafford County, Virginia",43405,515,113506,2299,88.2,1.0,108279,2357,22.3,1.2,11052,2018,19.7,0.9,18926,676,2.5,0.4,9147,848,1.1,0.4,3342,1203,26.8,1.2,34509,1201,35578,581,121656,2560,8.1,0.9,59636,4759,31.5,1.7,90488,3053,38.2,1.7,142864,3988,7.9,1.0,112960,9003,12.1,1.1,181926,10266,2.1,0.5,128355,13524,137145,*****,37198,720,70.1,0.6,39878,881,17.1,0.5,37480,1977,0.4,0.1,29233,8722,2.9,0.2,32625,4571,0.1,0.1,18096,17650,5.1,0.6,18225,2019,4.2,0.6,18840,3094,10.7,*****,23553,1658,65.6,0.1,40623,889,28.9,(X),(X),(X),28.4,(X),(X),(X),21.7,(X),(X),(X)
0500000US51181,51181,"Surry County, Virginia",2668,126,61735,5590,79.9,4.1,58632,6294,20.5,4.2,7368,3541,37.5,4.1,15834,1574,5.7,2.5,7336,1536,5.0,2.6,2200,1165,29.7,4.4,18384,2755,1962,159,70562,6992,15.3,3.7,39748,8773,38.4,6.0,60442,9351,28.8,5.0,95743,16388,9.3,3.9,85781,10199,4.5,2.5,92541,11792,3.8,2.3,42646,7728,6823,*****,24660,1923,52.4,0.7,28076,3336,45.1,1.1,20869,2425,0.2,0.2,N,N,0.8,0.7,20741,11089,0.0,0.5,-,**,0.7,0.4,12365,8743,0.8,0.6,32518,21006,1.6,*****,16285,19893,52.0,0.1,27963,3373,28.4,(X),(X),(X),31.1,(X),(X),(X),20.0,(X),(X),(X)
0500000US51183,51183,"Sussex County, Virginia",3149,533,50969,4516,70.3,3.7,51351,4880,15.2,3.1,9536,3055,39.9,4.3,15749,988,7.0,2.3,7732,1277,3.7,1.7,2744,728,23.8,3.7,22133,5571,1912,345,60652,6450,23.4,5.0,37159,6077,37.5,5.6,49228,7426,23.0,4.1,84141,9013,6.9,2.2,65279,11902,6.5,2.5,124353,45587,2.8,1.7,58341,20571,11864,*****,15143,1750,39.0,0.3,22507,3497,57.1,1.0,10607,1585,0.3,0.3,1924,4153,0.1,0.2,N,N,0.1,0.1,N,N,1.3,0.9,11089,7428,2.0,0.7,5017,3507,3.3,1.1,6617,2880,38.5,0.1,22797,3528,33.3,(X),(X),(X),34.4,(X),(X),(X),30.5,(X),(X),(X)
0500000US51185,51185,"Tazewell County, Virginia",17832,331,54171,4320,65.8,1.8,60631,6150,15.7,1.7,7339,1935,45.9,2.1,17015,611,7.3,1.5,8235,688,4.1,1.0,2846,832,22.3,1.9,14629,2121,12044,410,67140,6152,22.2,2.0,35185,3789,36.5,2.7,49215,4999,28.8,2.6,100719,15347,6.4,1.4,68101,10116,4.6,1.5,107019,17098,1.5,0.7,205885,168642,43870,*****,22721,1774,94.7,0.1,23222,1854,2.9,0.6,12678,3841,0.1,0.1,9186,7932,0.4,0.3,20607,8637,0.0,0.1,-,**,0.1,0.1,6200,5513,1.7,0.6,14581,5869,0.8,*****,14550,5744,94.1,0.1,23271,1867,33.0,(X),(X),(X),34.4,(X),(X),(X),26.6,(X),(X),(X)
0500000US51187,51187,"Warren County, Virginia",14364,341,76730,3168,80.9,1.9,75986,3539,20.6,2.2,11770,4132,29.9,1.9,18114,819,4.1,1.0,9534,1184,1.7,0.6,2475,676,22.0,1.8,25532,2806,10108,431,87238,3808,11.2,1.8,48511,9079,33.4,2.8,66391,5231,36.8,3.2,111169,7964,9.6,2.0,81171,12569,6.4,1.7,130878,12379,2.6,1.1,97148,22574,38481,*****,29522,1201,90.8,0.6,30113,1329,4.0,0.4,31506,6256,0.2,0.1,16793,14753,1.0,0.2,24072,9309,0.0,0.1,N,N,0.5,0.4,15786,15926,3.5,0.7,16184,5725,3.9,*****,18254,5390,87.9,0.1,30548,1342,30.5,(X),(X),(X),32.2,(X),(X),(X),23.9,(X),(X),(X)
0500000US51191,51191,"Washington County, Virginia",22673,409,59418,2455,70.0,1.6,61842,3135,21.2,1.5,12707,2406,43.4,1.6,17382,527,6.4,1.1,8297,830,3.1,0.7,1567,427,21.8,1.4,18109,1460,15163,512,71246,3162,19.8,1.5,37303,2293,32.3,2.3,67720,8270,33.0,2.4,89439,6486,7.0,1.2,73820,13555,6.9,1.4,96967,9287,1.2,0.6,62949,11649,54759,*****,25351,968,96.5,0.2,25508,1003,1.5,0.2,16570,5581,0.1,0.1,13896,2826,0.6,0.1,33136,26165,0.0,0.1,-,**,0.5,0.2,6915,3994,0.9,0.3,29487,24566,1.4,*****,16914,6374,95.6,0.1,25561,1009,24.3,(X),(X),(X),24.7,(X),(X),(X),19.4,(X),(X),(X)
0500000US51193,51193,"Westmoreland County, Virginia",6944,383,61137,4266,70.6,4.0,57275,4357,19.5,2.6,18041,11557,40.2,3.1,16979,922,5.5,2.3,8923,1169,2.0,1.1,1324,781,29.9,3.6,27455,3163,4299,334,71521,5858,21.6,3.7,50480,9658,32.4,4.5,67118,13904,31.0,4.8,82648,7856,9.0,3.1,65688,13544,5.1,2.2,122893,26070,0.8,0.8,124278,25172,17557,*****,25992,1949,67.8,1.4,28337,2705,28.2,0.6,20913,2449,0.2,0.3,41933,13015,0.6,0.4,16747,10088,0.0,0.2,-,**,1.5,1.2,27940,14640,1.7,0.5,16356,9922,6.1,*****,17293,11193,63.5,0.2,29288,2766,35.4,(X),(X),(X),37.5,(X),(X),(X),28.4,(X),(X),(X)
0500000US51195,51195,"Wise County, Virginia",15254,319,51296,3826,62.5,2.4,58057,5666,15.2,1.4,6739,2224,48.6,2.3,16888,555,11.4,1.8,7783,560,2.8,0.7,2327,717,21.9,1.8,15213,1715,10180,475,60841,5160,27.3,2.5,30140,2572,34.8,2.5,60569,13631,24.9,2.3,80085,5565,6.7,1.4,66899,10324,4.9,1.2,117544,13817,1.4,0.7,96991,25098,40530,*****,20321,1547,92.7,0.2,21384,1684,5.4,0.4,3522,1547,0.1,0.1,12115,8538,0.5,0.1,37610,19923,0.0,0.1,-,**,0.2,0.1,16493,15011,1.2,0.4,8313,4682,1.2,*****,6584,2891,92.0,0.1,21501,1699,25.3,(X),(X),(X),25.0,(X),(X),(X),20.1,(X),(X),(X)
0500000US51197,51197,"Wythe County, Virginia",11863,357,54730,2894,68.6,2.6,56624,3896,19.4,2.5,16630,8092,41.1,2.2,16782,672,4.8,1.4,10111,2563,1.5,0.6,1120,538,24.7,2.2,16930,2044,7968,409,66076,4711,20.3,2.5,45621,10946,30.9,3.6,51542,6072,34.1,3.5,82403,7366,8.8,2.4,90454,30901,4.3,1.3,77430,10467,1.6,0.9,93794,34237,29190,*****,23770,1470,95.0,0.2,24003,1542,3.6,0.4,18882,3712,0.1,0.1,11043,5047,0.7,0.1,27992,13765,0.0,0.1,-,**,0.3,0.2,N,N,0.4,0.4,8937,10873,1.1,*****,19731,9070,94.1,0.1,24052,1549,36.7,(X),(X),(X),33.3,(X),(X),(X),29.1,(X),(X),(X)
0500000US51199,51199,"York County, Virginia",23997,330,97087,3066,82.6,1.2,89919,2965,28.2,1.5,15043,3179,27.9,1.1,18143,710,2.0,0.4,9127,1679,1.6,0.5,3751,1208,32.1,1.4,33419,1857,18908,469,107101,3584,11.5,1.2,63658,6210,33.8,2.1,89386,7394,36.3,1.9,127630,6062,7.4,1.1,94752,11973,9.2,1.3,157697,13664,1.8,0.5,96014,12872,66471,*****,35876,1036,77.0,0.4,37547,1129,13.5,0.4,29118,2418,0.2,0.1,53142,22629,5.3,0.3,38969,7806,0.2,0.1,47937,25611,0.6,0.2,39890,24582,3.2,0.5,16826,3425,5.5,*****,21461,4731,72.8,0.1,38578,1198,23.3,(X),(X),(X),22.6,(X),(X),(X),17.1,(X),(X),(X)
0500000US51510,51510,"Alexandria city, Virginia",66879,816,117072,2541,89.6,0.7,114739,2576,31.0,1.0,14573,1293,14.1,0.7,16720,610,1.8,0.4,9446,1043,1.2,0.3,2377,403,13.2,0.7,46436,2150,32393,839,142327,4432,6.7,0.9,76622,10782,31.7,1.8,108664,6427,45.6,1.9,182114,6014,8.7,1.0,111537,17109,4.7,0.8,158998,21829,2.6,0.6,98591,9176,149315,*****,54861,1099,64.1,0.8,67106,1671,21.4,0.4,29549,1580,0.2,0.1,36288,13028,6.6,0.3,51124,5622,0.0,0.1,N,N,3.2,0.7,19899,3296,4.6,0.6,31899,3394,16.6,*****,27871,2301,52.4,0.1,75363,1728,19.8,(X),(X),(X),21.7,(X),(X),(X),17.4,(X),(X),(X)
0500000US51520,51520,"Bristol city, Virginia",7718,254,46359,3915,63.8,3.1,51853,5418,19.3,2.8,7170,2158,40.8,2.9,16552,930,9.6,2.4,7475,1053,5.6,1.9,1613,565,20.2,2.7,17666,4479,4901,311,55972,5801,21.8,3.7,29053,7964,34.6,4.3,51806,12856,27.3,4.5,84936,10204,10.1,3.8,47159,10973,5.4,2.1,62515,9193,0.9,0.8,48020,18469,17524,*****,20777,1699,89.9,1.0,22035,1862,5.7,0.9,9329,1813,0.6,0.6,11645,5356,0.9,0.4,17126,12032,0.0,0.2,-,**,1.3,1.0,9341,6075,1.6,1.0,5388,3025,1.7,*****,7227,4537,88.7,0.9,22215,1884,23.5,(X),(X),(X),20.3,(X),(X),(X),16.7,(X),(X),(X)
0500000US51530,51530,"Buena Vista city, Virginia",2737,134,39854,4594,73.2,5.7,37731,4584,13.9,4.6,7292,5746,37.2,5.1,17378,1390,2.8,1.9,7065,1569,1.6,1.7,2798,2417,19.6,5.2,20656,9115,1778,195,46970,6799,12.5,4.2,39042,12773,43.6,10.0,31866,6463,30.8,8.4,59789,15593,9.3,5.6,54297,12785,3.7,2.8,126668,12259,0.0,1.8,-,**,6666,*****,15707,1559,90.3,1.4,16878,1771,1.1,0.7,3721,3605,0.0,0.5,-,**,7.1,2.7,5953,2938,0.0,0.5,-,**,0.0,0.5,-,**,1.6,2.2,569,1152,1.4,1.4,13336,13532,88.9,0.5,16932,1817,34.7,(X),(X),(X),30.8,(X),(X),(X),21.7,(X),(X),(X)
0500000US51540,51540,"Charlottesville city, Virginia",17752,370,72724,3211,82.4,1.7,74192,3466,26.5,1.9,14689,2779,19.0,1.2,17458,986,4.7,1.1,10161,1314,2.2,0.7,2404,778,12.4,1.2,23168,2550,7887,385,97124,6361,10.2,1.8,54046,11639,32.5,3.5,71535,9842,39.8,3.7,128798,8536,8.8,2.1,74123,13860,5.9,1.7,144347,37877,2.8,1.1,74200,22171,45084,*****,30378,1288,70.7,0.3,34930,1549,19.2,0.5,19930,2876,0.2,0.2,65811,89551,6.7,0.4,16958,3373,0.2,0.2,N,N,0.3,0.2,15539,6412,2.7,0.6,18996,9434,5.0,*****,22450,3317,66.4,0.1,35613,1659,36.9,(X),(X),(X),35.5,(X),(X),(X),31.2,(X),(X),(X)
0500000US51550,51550,"Chesapeake city, Virginia",81518,695,82481,1405,84.5,0.8,78991,1513,19.6,1.0,10132,1538,25.6,0.6,17639,484,3.6,0.5,8967,642,2.2,0.4,2928,566,25.9,0.7,27159,949,61304,859,91253,1842,10.3,0.8,48275,3463,34.9,1.4,68133,2362,32.9,1.2,117180,3776,10.4,0.9,85155,4676,8.9,0.6,138172,6101,2.6,0.4,106349,9213,230601,*****,29703,485,62.3,0.3,33569,613,29.7,0.3,23564,923,0.2,0.1,31593,11596,3.3,0.2,29593,2842,0.1,0.1,17556,6020,1.3,0.3,19018,3669,3.0,0.4,15629,1863,5.1,*****,23773,1930,59.2,0.1,33977,620,37.1,(X),(X),(X),36.2,(X),(X),(X),27.7,(X),(X),(X)
0500000US51570,51570,"Colonial Heights city, Virginia",7106,178,65944,4197,71.8,2.4,61898,3526,19.5,2.2,13004,4642,36.8,1.9,18249,921,4.9,1.7,11626,2510,2.5,1.0,4924,2521,28.0,2.4,34285,9700,4452,250,75802,3978,16.0,2.3,52165,7419,38.3,3.8,57313,4404,26.2,3.7,98319,9328,12.0,2.8,83432,13444,6.0,1.5,134455,16144,1.4,0.8,113706,41156,17515,*****,27572,1608,79.7,1.1,30302,1868,13.1,0.6,16031,3002,0.7,0.4,25288,6001,3.5,0.3,17069,5125,0.0,0.2,-,**,1.7,1.1,19589,4087,1.3,0.7,16461,7472,5.0,*****,17508,3360,76.8,0.2,30800,2012,30.4,(X),(X),(X),29.4,(X),(X),(X),24.0,(X),(X),(X)
0500000US51580,51580,"Covington city, Virginia",2476,152,43694,4629,63.1,4.8,47331,6287,16.5,3.2,5575,3110,40.8,4.2,17757,1508,9.8,4.0,9306,1371,2.8,2.0,2901,1161,21.6,3.9,15909,2628,1416,158,54470,7741,23.9,6.1,29913,6454,38.4,7.4,48065,12852,22.3,7.6,77312,12842,4.8,3.3,30313,9336,8.8,3.7,99102,27308,1.8,1.8,80442,10200,5736,*****,20055,2076,81.7,0.3,20243,2114,13.9,1.7,19793,7390,0.0,0.6,-,**,1.0,1.3,N,N,0.3,0.4,-,**,0.6,0.6,N,N,2.5,1.5,19417,5942,1.3,1.1,26931,8478,81.5,0.6,20278,2128,29.4,(X),(X),(X),33.1,(X),(X),(X),26.1,(X),(X),(X)
0500000US51590,51590,"Danville city, Virginia",18559,440,47723,2175,66.8,2.2,50024,2572,15.2,1.3,14625,5527,39.6,2.0,15599,570,11.6,1.4,9004,700,3.5,0.7,2213,523,21.8,1.7,15298,1668,10777,454,59358,3412,21.6,2.2,30819,4337,37.1,2.7,50735,6146,22.6,2.2,90488,8086,10.6,1.5,56451,6755,5.9,1.4,93861,9389,2.2,0.8,86153,17752,42450,*****,20933,901,46.2,0.5,27588,1818,48.7,0.6,15637,982,0.1,0.1,22113,16889,1.2,0.1,15384,5535,0.0,0.1,-,**,1.7,0.6,15871,5642,2.1,0.7,4552,2099,3.3,*****,15861,4047,45.1,0.1,27765,1828,38.0,(X),(X),(X),39.1,(X),(X),(X),32.1,(X),(X),(X)
0500000US51595,51595,"Emporia city, Virginia",2459,193,45789,5814,67.9,5.8,48968,7827,12.2,3.5,15032,9569,40.3,5.7,13309,1448,9.3,4.0,8194,2136,5.6,3.2,1652,1446,13.9,4.0,20343,5381,1509,130,57711,8705,14.0,5.6,28829,14465,47.7,7.3,50208,16757,15.9,6.0,102412,9962,11.2,5.7,48101,23677,4.3,2.8,117925,14277,6.9,5.0,43084,13773,5672,*****,20417,3008,39.2,5.0,29718,6708,55.1,5.2,14345,2464,0.2,0.4,N,N,1.0,1.1,24102,18976,0.0,0.6,-,**,3.0,3.1,19440,1224,1.4,1.4,-,**,3.0,3.1,19440,1224,39.2,5.0,29718,6708,33.7,(X),(X),(X),36.2,(X),(X),(X),26.1,(X),(X),(X)
0500000US51600,51600,"Fairfax city, Virginia",8467,146,125748,4744,85.3,1.7,121072,5680,36.2,2.6,15132,4859,25.2,2.1,19402,1215,2.4,0.9,11109,2316,1.5,1.3,6998,4425,23.1,2.0,45205,6116,5789,253,142950,6756,9.4,1.8,84104,12140,26.1,3.1,120233,15241,37.8,3.6,170653,12254,9.3,2.4,116325,20409,13.8,2.4,176941,24528,3.6,1.7,110493,24576,23402,*****,45545,1801,69.5,1.7,52513,2315,4.8,0.5,33424,11902,0.4,0.4,14184,4394,15.5,0.7,35932,4149,0.1,0.1,N,N,4.4,1.7,22408,4475,5.3,1.3,15452,5181,16.4,*****,27799,4301,59.8,0.1,55585,2362,25.1,(X),(X),(X),25.5,(X),(X),(X),19.0,(X),(X),(X)
0500000US51610,51610,"Falls Church city, Virginia",5166,150,164844,13875,91.8,1.8,153473,14039,41.9,3.7,21428,7584,19.0,2.6,18353,2997,1.1,1.0,10925,5634,0.9,1.0,946,347,19.5,2.9,51901,8777,3281,198,202897,18805,4.5,2.0,82357,23819,31.3,4.8,161595,25123,44.7,4.4,222892,33209,7.9,2.1,243135,116595,10.3,3.1,274304,31114,1.3,1.2,124079,48660,13308,*****,65600,5025,77.6,1.6,72095,6548,2.1,0.8,58081,20069,0.0,0.2,-,**,11.4,1.8,52280,13959,0.0,0.2,-,**,3.6,1.4,50568,11556,5.3,2.1,11781,5324,9.7,*****,32368,9238,72.6,0.2,75304,6698,16.4,(X),(X),(X),19.8,(X),(X),(X),13.4,(X),(X),(X)
0500000US51620,51620,"Franklin city, Virginia",3453,197,51587,5157,70.2,4.0,47217,5832,16.4,4.3,26094,17263,38.8,4.5,17235,1525,9.5,3.3,10463,1670,12.1,5.0,2606,1167,25.1,4.6,21285,3348,2186,231,63080,6904,19.4,5.6,N,N,43.5,8.7,N,N,19.4,6.1,N,N,10.5,4.8,N,N,5.2,3.2,N,N,2.0,2.6,N,N,8457,*****,21621,1970,38.9,1.0,32916,4278,58.6,1.7,14630,1951,0.0,0.4,-,**,0.6,0.8,N,N,0.0,0.4,-,**,0.7,0.7,29151,30586,1.2,1.1,N,N,1.0,0.9,33148,20387,38.2,0.6,33061,4279,24.2,(X),(X),(X),25.3,(X),(X),(X),18.4,(X),(X),(X)
0500000US51630,51630,"Fredericksburg city, Virginia",10080,338,72876,4367,80.9,2.5,72779,5196,18.1,2.3,19185,6963,20.6,2.0,17202,1259,3.1,1.2,6063,1714,2.6,1.4,1566,964,15.6,2.2,33082,3679,5663,326,83004,4955,12.1,2.5,N,N,40.1,4.5,N,N,31.9,4.2,N,N,10.8,3.2,N,N,4.9,2.2,N,N,0.1,0.2,N,N,27395,*****,29090,1874,65.6,1.5,33530,1820,23.3,1.6,22583,6146,0.2,0.2,53167,46321,2.5,0.5,25599,8798,0.1,0.1,N,N,3.7,1.3,7567,2503,4.6,1.4,16351,7557,11.1,*****,13324,3013,59.8,0.1,35039,1793,22.3,(X),(X),(X),26.0,(X),(X),(X),21.3,(X),(X),(X)
0500000US51640,51640,"Galax city, Virginia",2961,180,48043,9067,67.0,6.5,42340,4728,12.6,3.1,68083,64978,42.5,5.6,15261,1383,11.3,4.8,8660,1759,4.1,2.3,2081,1195,18.0,4.2,14999,2837,1790,179,54835,11104,20.7,6.3,N,N,42.9,7.7,N,N,20.5,6.0,N,N,8.8,4.0,N,N,6.5,3.7,N,N,0.7,1.2,N,N,6876,*****,21515,3833,90.6,2.9,21745,4236,5.6,2.1,25071,13207,0.1,0.1,N,N,0.4,0.5,N,N,0.0,0.5,-,**,1.0,0.9,13370,7443,2.4,1.7,7139,3634,16.8,3.9,10921,3448,76.0,4.6,23793,5050,32.5,(X),(X),(X),34.0,(X),(X),(X),31.9,(X),(X),(X)
0500000US51650,51650,"Hampton city, Virginia",52940,835,61379,1386,78.2,1.0,58737,1390,16.2,1.0,10572,2790,28.7,0.9,16393,434,5.0,0.6,8619,480,3.2,0.6,3161,453,26.3,1.0,24339,1207,32902,712,71442,1920,14.9,1.4,42213,3133,37.2,2.0,52598,2529,27.2,1.7,96868,4073,11.4,1.3,72743,7477,6.8,0.8,124911,7520,2.5,0.5,97587,11401,137081,*****,25029,497,42.8,0.5,30086,829,50.1,0.5,21420,798,0.4,0.1,11170,4654,2.3,0.2,26294,7710,0.0,0.1,41619,40938,1.1,0.3,20738,4756,3.2,0.5,16148,3149,5.2,*****,18834,1457,40.2,0.1,30644,852,25.2,(X),(X),(X),25.9,(X),(X),(X),20.0,(X),(X),(X)
0500000US51660,51660,"Harrisonburg city, Virginia",16409,296,53866,3147,85.8,1.6,52675,3372,17.3,1.7,12623,4978,19.2,1.4,17543,1110,3.1,0.9,9774,1093,1.5,0.7,2121,1184,10.7,1.2,19948,2585,8243,370,71783,5621,8.3,2.0,45154,8794,31.5,4.0,47512,4874,35.3,3.9,100067,13340,14.2,3.4,52310,6194,9.5,2.5,100067,15198,1.2,0.7,66906,25370,51388,*****,18324,943,84.8,0.8,19138,1098,7.1,0.7,14661,2565,0.1,0.1,N,N,4.1,0.3,12126,2566,0.1,0.1,N,N,1.2,0.5,24460,6816,2.7,0.6,9724,4295,17.7,*****,12938,1197,69.0,0.1,20730,1323,34.2,(X),(X),(X),32.0,(X),(X),(X),35.7,(X),(X),(X)
0500000US51670,51670,"Hopewell city, Virginia",8706,283,49506,2542,69.4,3.0,51900,3206,14.0,2.7,11082,6275,34.3,2.5,15109,1162,8.4,2.3,10594,1249,4.9,1.9,3809,1500,22.9,2.2,19396,3178,5201,369,59424,3691,21.6,4.0,33745,5746,37.0,4.8,48454,6372,21.2,4.1,83788,9549,12.1,3.5,64256,10654,5.5,2.3,118697,22495,2.5,1.3,81497,22931,22279,*****,20700,1077,52.7,1.0,23494,1773,38.1,1.1,16668,1375,0.1,0.2,27058,20273,1.5,0.1,21798,17224,0.0,0.1,-,**,4.2,1.3,26167,5598,3.4,1.1,14942,10011,6.8,*****,23010,3174,51.1,0.2,23327,1790,37.4,(X),(X),(X),37.8,(X),(X),(X),30.0,(X),(X),(X)
0500000US51678,51678,"Lexington city, Virginia",1638,1071,52898,7296,60.8,6.5,57678,10463,32.7,9.6,14699,9228,39.8,8.3,18543,3008,3.6,3.3,5685,3395,0.0,2.0,-,**,15.2,5.0,32389,15111,790,427,77392,12929,20.4,6.9,N,N,41.3,12.5,N,N,26.2,9.8,N,N,1.1,2.0,N,N,11.0,9.6,N,N,0.0,4.0,N,N,7071,*****,14792,5436,78.7,4.2,15943,5590,10.9,5.9,15837,9074,0.0,0.5,-,**,6.9,2.1,6392,7827,0.0,0.5,-,**,0.1,0.2,N,N,3.5,2.8,2493,3185,3.9,2.5,6830,4624,75.4,5.1,16291,5942,29.5,(X),(X),(X),25.2,(X),(X),(X),19.1,(X),(X),(X)
0500000US51680,51680,"Lynchburg city, Virginia",28528,537,55950,2272,74.5,1.3,55241,2363,21.0,1.4,17583,4617,31.3,1.4,17058,530,5.8,1.0,9299,817,2.4,0.7,3104,1514,18.5,1.1,21922,3933,16366,614,69110,3668,17.2,1.7,45048,11364,33.2,2.2,59555,6586,32.3,2.5,88259,5697,10.3,1.6,50974,7312,5.9,1.1,118930,16461,1.0,0.5,72821,24684,78158,*****,21650,906,65.1,0.4,25247,1138,28.4,0.4,14107,1200,0.2,0.1,12171,4012,2.8,0.2,28400,10296,0.0,0.1,N,N,0.7,0.3,23559,15177,2.6,0.5,7125,1944,3.3,*****,15649,3949,62.9,0.1,25631,1142,31.6,(X),(X),(X),32.4,(X),(X),(X),24.3,(X),(X),(X)
0500000US51683,51683,"Manassas city, Virginia",12433,264,90180,4575,89.3,1.8,86494,4500,20.5,1.9,13360,4519,18.9,1.6,17890,1240,2.4,1.0,8704,1690,1.8,0.9,3101,1057,17.4,1.9,31136,6728,9194,412,98320,6037,5.7,1.6,51570,12265,29.0,3.3,82944,15810,36.7,2.7,109651,7509,12.1,2.3,84705,10509,11.7,2.3,126985,9557,4.9,1.4,123941,31173,40743,*****,29424,1418,71.4,2.0,31032,1600,14.3,0.9,29046,3501,0.3,0.5,16570,2090,5.2,0.6,29057,5174,0.1,0.2,N,N,4.4,1.7,16212,4302,4.2,1.0,18297,10036,32.9,*****,16002,1193,44.6,0.3,40201,2741,33.2,(X),(X),(X),33.7,(X),(X),(X),25.1,(X),(X),(X)
0500000US51685,51685,"Manassas Park city, Virginia",4723,98,87858,6320,91.6,2.7,86629,6733,12.6,3.2,4032,1371,17.8,2.5,17895,2022,2.1,1.3,9104,2877,2.8,1.6,5070,2829,13.6,3.3,26917,6202,3383,235,95751,7596,3.8,2.0,32071,21830,32.6,5.8,72133,11218,33.0,6.8,118951,13396,10.0,3.4,79493,19855,13.6,4.3,138819,28400,7.0,3.4,70082,19589,15625,*****,28164,1894,65.4,2.8,28600,2195,12.4,1.1,42167,7672,0.3,0.3,35827,16199,9.5,0.8,22933,5249,0.0,0.2,-,**,6.1,2.9,17298,5843,6.3,2.7,14054,6273,35.2,*****,16834,1716,38.5,0.4,36390,3271,31.0,(X),(X),(X),34.0,(X),(X),(X),26.5,(X),(X),(X)
0500000US51690,51690,"Martinsville city, Virginia",5857,207,49876,3935,63.0,3.6,55658,5161,17.2,2.3,14050,5103,42.7,3.3,15146,910,11.7,2.2,7698,842,5.0,2.2,2359,1481,20.2,2.9,18108,3805,3238,245,63624,6523,19.6,4.5,32797,8893,40.5,4.5,53428,10479,21.1,3.5,95668,20250,8.1,2.5,59720,11726,7.8,2.9,106221,19654,3.0,1.7,76938,32401,13624,*****,21899,1631,49.6,1.4,28171,3090,45.9,0.9,15955,2208,0.1,0.2,N,N,0.1,0.2,N,N,0.0,0.2,-,**,2.3,1.4,10724,3682,1.8,1.1,7920,6041,4.5,*****,11076,1514,47.4,0.6,29085,3181,38.5,(X),(X),(X),37.3,(X),(X),(X),33.8,(X),(X),(X)
0500000US51700,51700,"Newport News city, Virginia",69073,815,63145,1114,80.7,0.8,61155,1254,15.6,0.8,12789,2095,25.8,0.6,16561,346,5.1,0.5,8779,530,3.1,0.5,2799,406,21.5,0.9,24440,1357,42756,939,72627,1759,12.3,1.0,43523,3595,38.5,1.7,53854,2326,28.9,1.5,101171,5473,11.3,1.0,60429,3433,6.8,0.8,124635,10594,2.1,0.4,91880,10283,181323,*****,25369,469,50.4,0.4,30579,807,40.4,0.4,20279,700,0.3,0.1,21534,4343,3.1,0.2,24100,3486,0.2,0.1,18266,4843,1.6,0.3,17038,2486,4.1,0.4,16303,2349,8.2,*****,17899,1434,45.2,0.1,32012,870,25.9,(X),(X),(X),27.2,(X),(X),(X),19.5,(X),(X),(X)
0500000US51710,51710,"Norfolk city, Virginia",87045,1126,60858,1114,79.9,0.7,60728,1245,14.5,0.6,18007,2626,23.1,0.6,15329,365,6.1,0.5,8935,339,2.8,0.3,2957,371,17.9,0.7,23334,1025,50257,889,70966,1638,12.6,0.8,41130,5380,40.2,1.3,52175,2345,27.3,1.4,102372,3812,12.2,1.0,65455,3839,5.2,0.5,127843,16337,2.5,0.4,88655,9895,245452,*****,24657,399,47.8,0.3,32026,790,42.1,0.4,17250,430,0.5,0.1,24762,5429,3.4,0.2,26955,3374,0.2,0.1,20420,11595,2.2,0.3,17847,1983,3.8,0.4,16070,2281,7.2,*****,19192,1321,44.1,0.1,33076,813,36.7,(X),(X),(X),37.4,(X),(X),(X),28.2,(X),(X),(X)
0500000US51720,51720,"Norton city, Virginia",1783,137,42996,6971,67.6,7.3,45834,9100,13.2,4.4,11315,7210,38.9,7.7,14597,1744,12.7,5.1,7280,1121,9.4,4.6,3662,1859,19.9,6.1,13906,5357,955,131,57748,12373,18.2,7.5,N,N,30.6,10.2,N,N,20.5,8.4,N,N,20.7,9.1,N,N,6.5,5.5,N,N,3.5,4.0,N,N,4007,*****,19647,2695,87.5,7.4,19826,2978,3.4,2.7,20388,10311,0.1,0.2,N,N,5.8,6.3,22275,5635,0.0,0.8,-,**,1.5,2.2,19219,500,1.6,1.8,N,N,2.4,2.7,20277,2371,86.6,7.5,19803,3008,32.6,(X),(X),(X),31.5,(X),(X),(X),26.5,(X),(X),(X)
0500000US51730,51730,"Petersburg city, Virginia",12803,382,43776,2206,68.5,1.9,44922,2126,8.2,1.2,15291,13043,32.4,1.8,14736,713,13.9,2.0,9719,704,2.9,0.9,3458,922,23.7,1.6,18099,1244,7017,301,50613,2873,22.9,2.4,29363,3369,43.2,3.3,39923,3620,16.1,2.5,90395,8032,11.0,2.4,57021,9285,4.6,1.8,96375,10912,2.2,0.9,63686,9621,32123,*****,19149,874,18.1,0.7,27189,4088,77.1,0.7,17350,691,0.1,0.1,14183,8938,1.3,0.1,18114,7628,0.0,0.1,-,**,1.3,0.7,18845,5672,2.1,0.8,16882,7277,4.2,*****,15304,2737,15.6,0.1,29484,4562,35.7,(X),(X),(X),39.7,(X),(X),(X),32.2,(X),(X),(X)
0500000US51735,51735,"Poquoson city, Virginia",4642,72,98162,6137,78.1,3.0,97785,6805,30.1,3.7,10900,3533,32.4,2.6,18638,1765,1.8,0.9,9354,2749,1.4,1.0,3698,2947,29.9,3.7,32732,3341,3424,148,113590,8531,17.4,3.5,64627,9440,28.2,4.1,86606,9279,37.6,4.8,132468,8391,6.6,2.5,102267,16317,9.3,3.5,208992,66990,0.9,0.9,213674,127625,12077,*****,38428,2418,94.3,0.4,38758,2462,1.0,0.5,67529,44474,0.1,0.1,N,N,1.8,0.5,41099,25483,0.0,0.3,-,**,0.4,0.3,45194,40520,2.4,0.7,11173,8812,2.3,*****,30305,20711,92.6,0.3,38943,2503,22.7,(X),(X),(X),22.8,(X),(X),(X),18.1,(X),(X),(X)
0500000US51740,51740,"Portsmouth city, Virginia",36757,559,56614,1370,76.5,1.2,56381,1476,13.0,1.1,9567,4269,30.6,1.0,14519,503,6.4,0.8,8501,509,3.8,0.6,2960,551,23.6,1.1,22583,1321,23230,652,64265,1806,15.5,1.3,40155,5333,40.4,2.1,47591,3197,24.8,1.5,95766,3911,12.2,1.5,63936,4058,4.0,0.8,111119,9016,3.0,0.7,90837,11064,96135,*****,23075,566,41.2,0.4,28977,908,52.6,0.5,19204,756,0.4,0.1,14251,3611,1.1,0.2,22000,5008,0.1,0.1,21144,2178,1.3,0.4,19910,5912,3.3,0.6,13769,2379,3.7,*****,20393,2146,39.5,0.2,29333,921,36.0,(X),(X),(X),35.3,(X),(X),(X),28.4,(X),(X),(X)
0500000US51750,51750,"Radford city, Virginia",5477,400,43891,3308,73.0,3.8,47877,3964,11.5,2.7,9263,3872,24.0,3.3,17554,1484,4.9,2.7,11061,2583,1.2,1.2,3359,3370,11.9,2.6,15317,5467,2397,226,68612,6928,18.9,5.5,22842,7788,29.9,5.9,55648,9695,38.7,7.8,98101,10699,9.7,4.7,52502,15666,2.8,1.8,164833,42529,0.0,1.3,-,**,17057,*****,15556,1348,85.3,0.6,16473,1342,9.2,0.8,8689,2998,0.0,0.2,-,**,1.9,0.4,22331,29490,0.0,0.2,-,**,0.7,0.4,16359,14581,2.8,1.1,5421,2315,3.0,*****,7689,2981,83.5,0.2,16630,1377,31.6,(X),(X),(X),31.5,(X),(X),(X),26.9,(X),(X),(X)
0500000US51760,51760,"Richmond city, Virginia",87224,947,63891,1433,76.5,0.8,66048,1608,17.7,0.6,23071,3503,24.7,0.7,15649,364,7.0,0.6,8843,367,3.4,0.3,2712,440,15.4,0.7,22791,2073,40598,911,82622,2960,16.5,1.0,37643,3976,36.8,1.4,65233,6740,27.1,1.3,137307,7054,13.0,1.0,66650,6830,3.5,0.6,123238,11039,3.1,0.6,71042,6205,213735,*****,28023,631,44.0,0.4,41923,1515,48.6,0.4,16802,565,0.5,0.3,11037,6974,2.2,0.1,27451,4697,0.0,0.1,16998,27867,1.1,0.3,14850,2891,3.5,0.5,16137,2090,6.4,*****,14400,1350,39.9,0.1,44629,1643,33.4,(X),(X),(X),33.1,(X),(X),(X),27.7,(X),(X),(X)
0500000US51770,51770,"Roanoke city, Virginia",42239,588,53702,1774,75.0,1.2,54954,2021,16.1,1.1,16189,4413,31.7,1.1,16900,486,7.9,0.8,8414,608,3.3,0.6,2240,471,16.0,0.9,16307,1210,23614,639,65074,3101,16.2,1.5,40654,6994,34.6,2.3,48789,5296,30.9,2.0,94204,5142,11.7,1.5,52040,5871,3.6,0.8,108671,14625,3.1,0.8,82674,18264,98736,*****,23685,755,64.2,0.6,28304,1176,27.8,0.6,15954,1115,0.2,0.1,14923,4821,2.5,0.1,13874,2055,0.1,0.2,N,N,1.5,0.6,14755,4036,3.8,0.7,11731,3018,5.9,*****,13124,1727,60.7,0.1,29067,1184,32.4,(X),(X),(X),33.1,(X),(X),(X),28.0,(X),(X),(X)
0500000US51775,51775,"Salem city, Virginia",10045,261,66844,4878,77.8,1.9,67094,5705,21.8,2.2,10385,3894,32.9,1.9,19559,1048,3.3,1.3,9276,1511,1.4,0.8,3892,2353,22.6,2.1,19266,2059,6327,318,81410,6610,14.0,2.5,47217,6247,34.4,3.8,65017,14421,34.4,4.0,98480,8710,6.5,2.1,74815,15609,9.2,2.7,123267,13880,1.4,0.8,159438,55245,25165,*****,27560,1821,88.1,0.7,28450,1812,7.8,0.7,20039,4191,0.1,0.1,-,**,2.1,0.2,29991,15326,0.0,0.1,-,**,0.6,0.6,31767,29190,1.4,0.6,8809,6106,3.2,*****,14622,9936,85.8,0.3,28936,1804,29.5,(X),(X),(X),30.2,(X),(X),(X),26.5,(X),(X),(X)
0500000US51790,51790,"Staunton city, Virginia",10387,265,56843,3999,71.3,2.6,55176,3958,23.4,2.4,18070,6945,37.6,2.4,16936,834,5.0,1.3,9314,2034,2.8,0.9,3046,1250,21.7,2.5,24832,5308,5818,294,72419,5466,17.1,3.1,41205,8427,35.3,4.0,59629,8430,32.3,4.2,99934,11207,7.5,2.5,62540,8274,6.7,1.7,97118,14363,1.1,0.7,76926,9739,24193,*****,25182,1618,82.8,0.5,26981,1831,12.2,0.9,16737,2105,0.2,0.1,32659,15781,1.1,0.3,10615,4837,0.0,0.1,-,**,0.6,0.4,14824,3970,3.1,0.9,17174,10262,2.6,*****,15753,3373,81.6,0.1,27140,1871,30.4,(X),(X),(X),27.0,(X),(X),(X),24.2,(X),(X),(X)
0500000US51800,51800,"Suffolk city, Virginia",30990,381,79880,2215,80.6,1.1,78801,2558,20.1,1.3,12132,2185,29.3,1.1,16307,459,5.9,0.8,8628,840,5.8,1.0,3016,437,26.0,1.2,25643,2427,22797,524,89331,2942,11.8,1.2,44035,4586,34.2,1.9,73030,6284,32.9,1.8,111742,5196,9.6,1.2,81479,10252,9.3,1.2,138115,11079,2.2,0.5,77378,10927,86184,*****,29620,854,52.4,0.3,36073,1405,41.8,0.6,22550,935,0.1,0.1,36814,14037,1.4,0.2,35293,10859,0.0,0.1,N,N,0.5,0.2,22960,7880,3.7,0.6,16859,3147,3.6,*****,23795,3276,50.2,0.1,36596,1402,26.8,(X),(X),(X),27.7,(X),(X),(X),21.4,(X),(X),(X)
0500000US51810,51810,"Virginia Beach city, Virginia",166242,1143,83834,1112,83.9,0.4,79211,1063,22.5,0.6,16223,1666,24.8,0.5,18176,293,3.2,0.3,9995,495,1.9,0.2,2803,436,23.7,0.6,28992,1273,114380,1353,94215,1385,10.9,0.6,57488,3621,33.4,0.9,73007,2280,33.8,0.9,118524,2602,10.0,0.6,84611,3398,9.1,0.5,133410,4348,2.7,0.3,103862,7814,448290,*****,32269,373,67.7,0.3,36477,522,19.3,0.3,23710,669,0.3,0.1,31490,5592,6.5,0.2,28490,1534,0.1,0.1,46468,20625,1.4,0.2,19739,2341,4.6,0.3,15270,1148,7.5,*****,20794,944,63.1,0.1,37433,549,26.6,(X),(X),(X),26.6,(X),(X),(X),20.1,(X),(X),(X)
0500000US51820,51820,"Waynesboro city, Virginia",9031,249,51644,2713,74.0,2.6,51597,3425,18.7,2.5,9547,2964,35.3,2.1,17162,951,6.8,2.2,9121,1159,3.4,1.4,2824,1040,22.0,2.2,16915,2837,5672,352,60786,3828,16.8,3.1,N,N,35.9,4.5,N,N,30.3,4.0,N,N,10.0,2.2,N,N,6.5,2.1,N,N,0.4,0.4,N,N,21150,*****,22156,1041,81.2,1.5,23883,1262,12.7,1.0,17362,2079,0.1,0.2,N,N,1.0,0.3,20585,12031,0.0,0.2,-,**,2.2,1.8,9748,6573,2.8,1.1,4358,2641,6.7,*****,10779,2958,78.1,0.2,24366,1249,32.4,(X),(X),(X),31.2,(X),(X),(X),25.1,(X),(X),(X)
0500000US51830,51830,"Williamsburg city, Virginia",4538,248,72362,6168,71.0,3.5,65918,6804,29.6,3.0,27908,7428,29.6,2.7,20283,1695,1.1,0.8,12078,3471,3.4,1.5,3090,1775,25.9,2.8,36920,4895,2172,182,104112,11371,22.2,3.2,N,N,31.3,5.4,N,N,32.2,6.4,N,N,8.1,3.2,N,N,5.9,2.6,N,N,0.3,0.5,N,N,14754,*****,24127,1819,74.9,0.8,27422,2160,15.3,0.6,19669,3130,0.1,0.1,12192,7831,5.9,0.6,4749,3014,0.0,0.2,-,**,0.5,0.4,7441,7154,3.4,0.9,7712,3385,7.0,*****,10742,3623,69.0,0.2,28836,2295,23.1,(X),(X),(X),20.6,(X),(X),(X),16.0,(X),(X),(X)
0500000US51840,51840,"Winchester city, Virginia",10608,278,64727,3275,76.3,2.2,65862,4103,21.9,2.6,12144,2783,31.6,2.2,16043,949,5.0,1.6,9041,1771,3.5,1.2,4757,1631,20.5,2.4,22588,3075,6040,286,78053,5318,12.8,2.7,52501,9002,34.9,4.5,66918,10891,33.2,4.1,102180,10012,11.8,2.8,54854,10307,5.0,2.5,118547,18655,2.3,1.4,70208,34498,27168,*****,26182,1441,80.6,1.5,27922,1776,10.6,0.8,16608,2842,0.2,0.1,51011,31424,2.4,0.4,53114,26931,0.0,0.1,-,**,2.7,1.3,8726,2723,3.4,1.0,8428,5910,16.3,*****,11054,2051,67.9,0.1,30931,2097,25.4,(X),(X),(X),27.4,(X),(X),(X),21.1,(X),(X),(X)
